1.000000e+00   0.000000e+00  0.000000e+00   5.000000e+00  0.000000e+00   0.000000e+00  
9.500625e-01   9.832590e-04  0.000000e+00   4.997949e+00  1.000888e-04   0.000000e+00  
7.879431e-01   1.838767e-03  0.000000e+00   4.991794e+00  2.001078e-04   0.000000e+00  
4.492624e-01   2.218465e-03  0.000000e+00   4.981528e+00  2.999800e-04   0.000000e+00  
4.208979e-01   -2.018045e-03  0.000000e+00   4.967139e+00  3.996136e-04   0.000000e+00  
7.734446e-01   -1.537586e-03  0.000000e+00   4.948604e+00  4.989051e-04   0.000000e+00  
9.408440e-01   -6.166574e-04  0.000000e+00   4.925886e+00  5.977586e-04   0.000000e+00  
9.937423e-01   3.907953e-04  0.000000e+00   4.898943e+00  6.960894e-04   0.000000e+00  
9.455896e-01   1.357582e-03  0.000000e+00   4.867726e+00  7.938166e-04   0.000000e+00  
7.843558e-01   2.148996e-03  0.000000e+00   4.832182e+00  8.908554e-04   0.000000e+00  
4.449931e-01   2.385761e-03  0.000000e+00   4.792251e+00  9.871079e-04   0.000000e+00  
4.247918e-01   -1.817098e-03  0.000000e+00   4.747864e+00  1.082454e-03   0.000000e+00  
7.749208e-01   -1.176451e-03  0.000000e+00   4.698938e+00  1.176756e-03   0.000000e+00  
9.413683e-01   -1.868161e-04  0.000000e+00   4.645372e+00  1.269878e-03   0.000000e+00  
9.939973e-01   8.357204e-04  0.000000e+00   4.587053e+00  1.361693e-03   0.000000e+00  
9.462404e-01   1.771376e-03  0.000000e+00   4.523856e+00  1.452070e-03   0.000000e+00  
7.862773e-01   2.481905e-03  0.000000e+00   4.455645e+00  1.540868e-03   0.000000e+00  
4.501965e-01   2.568935e-03  0.000000e+00   4.382271e+00  1.627915e-03   0.000000e+00  
4.186283e-01   -1.566879e-03  0.000000e+00   4.303568e+00  1.713000e-03   0.000000e+00  
7.710493e-01   -7.563441e-04  0.000000e+00   4.219339e+00  1.795872e-03   0.000000e+00  
9.386357e-01   3.067829e-04  0.000000e+00   4.129350e+00  1.876270e-03   0.000000e+00  
9.929488e-01   1.341832e-03  0.000000e+00   4.033339e+00  1.953926e-03   0.000000e+00  
9.480980e-01   2.237743e-03  0.000000e+00   3.931008e+00  2.028553e-03   0.000000e+00  
7.932284e-01   2.855052e-03  0.000000e+00   3.822026e+00  2.099814e-03   0.000000e+00  
4.683856e-01   2.792592e-03  0.000000e+00   3.706017e+00  2.167291e-03   0.000000e+00  
3.969095e-01   -1.235274e-03  0.000000e+00   3.582550e+00  2.230446e-03   0.000000e+00  
7.600629e-01   -2.159570e-04  0.000000e+00   3.451101e+00  2.288604e-03   0.000000e+00  
9.341057e-01   9.343605e-04  0.000000e+00   3.311024e+00  2.341003e-03   0.000000e+00  
9.969548e-01   1.979388e-03  0.000000e+00   3.161542e+00  2.386773e-03   0.000000e+00  
9.655159e-01   2.825559e-03  0.000000e+00   3.001719e+00  2.424883e-03   0.000000e+00  
8.334179e-01   3.348586e-03  0.000000e+00   2.830415e+00  2.454011e-03   0.000000e+00  
5.577370e-01   3.228189e-03  0.000000e+00   2.646216e+00  2.472326e-03   0.000000e+00  
2.588614e-01   -8.051986e-04  0.000000e+00   2.447317e+00  2.477135e-03   0.000000e+00  
6.986134e-01   5.645745e-04  0.000000e+00   2.231233e+00  2.464465e-03   0.000000e+00  
9.080246e-01   1.894025e-03  0.000000e+00   1.994260e+00  2.428611e-03   0.000000e+00  
1.015006e+00   2.999748e-03  0.000000e+00   1.730541e+00  2.361293e-03   0.000000e+00  
1.055922e+00   3.859676e-03  0.000000e+00   1.429393e+00  2.252764e-03   0.000000e+00  
1.054853e+00   4.496061e-03  0.000000e+00   1.049110e+00  2.624531e-03   0.000000e+00  
1.078846e+00   1.418753e-02  0.000000e+00   1.413333e+00  1.547293e-01   0.000000e+00  
1.066111e+00   2.712469e-02  0.000000e+00   1.715588e+00  2.866696e-01   0.000000e+00  
9.964087e-01   4.314312e-02  0.000000e+00   1.981258e+00  4.117844e-01   0.000000e+00  
8.466771e-01   5.951258e-02  0.000000e+00   2.221409e+00  5.314092e-01   0.000000e+00  
5.660749e-01   6.910937e-02  0.000000e+00   2.442086e+00  6.463335e-01   0.000000e+00  
2.256758e-01   -4.454715e-02  0.000000e+00   2.647123e+00  7.571212e-01   0.000000e+00  
6.893855e-01   -3.290939e-02  0.000000e+00   2.839127e+00  8.641869e-01   0.000000e+00  
9.021447e-01   2.347622e-04  0.000000e+00   3.019961e+00  9.678406e-01   0.000000e+00  
9.942764e-01   3.686845e-02  0.000000e+00   3.191042e+00  1.068348e+00   0.000000e+00  
9.900047e-01   7.253513e-02  0.000000e+00   3.353497e+00  1.165946e+00   0.000000e+00  
8.881102e-01   1.030226e-01  0.000000e+00   3.508240e+00  1.260848e+00   0.000000e+00  
6.610311e-01   1.200140e-01  0.000000e+00   3.656023e+00  1.353240e+00   0.000000e+00  
1.568716e-01   7.618243e-02  0.000000e+00   3.797478e+00  1.443288e+00   0.000000e+00  
5.871820e-01   -5.076521e-02  0.000000e+00   3.933134e+00  1.531132e+00   0.000000e+00  
8.504445e-01   -4.626036e-03  0.000000e+00   4.063433e+00  1.616889e+00   0.000000e+00  
9.695018e-01   4.536757e-02  0.000000e+00   4.188753e+00  1.700659e+00   0.000000e+00  
9.825546e-01   9.223903e-02  0.000000e+00   4.309425e+00  1.782535e+00   0.000000e+00  
8.936131e-01   1.308188e-01  0.000000e+00   4.425740e+00  1.862605e+00   0.000000e+00  
6.803198e-01   1.516419e-01  0.000000e+00   4.537957e+00  1.940946e+00   0.000000e+00  
2.252286e-01   1.105874e-01  0.000000e+00   4.646310e+00  2.017634e+00   0.000000e+00  
5.473678e-01   -5.987264e-02  0.000000e+00   4.751005e+00  2.092733e+00   0.000000e+00  
8.299473e-01   -4.509852e-03  0.000000e+00   4.852226e+00  2.166301e+00   0.000000e+00  
9.579350e-01   5.475351e-02  0.000000e+00   4.950137e+00  2.238389e+00   0.000000e+00  
9.757684e-01   1.092153e-01  0.000000e+00   5.044886e+00  2.309045e+00   0.000000e+00  
8.893763e-01   1.529545e-01  0.000000e+00   5.136610e+00  2.378313e+00   0.000000e+00  
6.778655e-01   1.752816e-01  0.000000e+00   5.225434e+00  2.446236e+00   0.000000e+00  
2.302507e-01   1.279134e-01  0.000000e+00   5.311474e+00  2.512856e+00   0.000000e+00  
5.360578e-01   -6.439527e-02  0.000000e+00   5.394835e+00  2.578208e+00   0.000000e+00  
8.233626e-01   -1.288341e-03  0.000000e+00   5.475616e+00  2.642327e+00   0.000000e+00  
9.523685e-01   6.512507e-02  0.000000e+00   5.553903e+00  2.705241e+00   0.000000e+00  
9.693359e-01   1.251743e-01  0.000000e+00   5.629780e+00  2.766979e+00   0.000000e+00  
8.806052e-01   1.723090e-01  0.000000e+00   5.703322e+00  2.827567e+00   0.000000e+00  
6.651387e-01   1.944891e-01  0.000000e+00   5.774601e+00  2.887033e+00   0.000000e+00  
2.086556e-01   1.355456e-01  0.000000e+00   5.843685e+00  2.945401e+00   0.000000e+00  
5.402091e-01   -6.589137e-02  0.000000e+00   5.910636e+00  3.002694e+00   0.000000e+00  
8.241655e-01   4.167678e-03  0.000000e+00   5.975512e+00  3.058933e+00   0.000000e+00  
9.498814e-01   7.640790e-02  0.000000e+00   6.038368e+00  3.114136e+00   0.000000e+00  
9.628437e-01   1.407403e-01  0.000000e+00   6.099254e+00  3.168322e+00   0.000000e+00  
8.689635e-01   1.900418e-01  0.000000e+00   6.158218e+00  3.221509e+00   0.000000e+00  
6.461187e-01   2.107432e-01  0.000000e+00   6.215304e+00  3.273713e+00   0.000000e+00  
1.701713e-01   1.345640e-01  0.000000e+00   6.270557e+00  3.324950e+00   0.000000e+00  
5.532120e-01   -6.507078e-02  0.000000e+00   6.324016e+00  3.375237e+00   0.000000e+00  
8.291277e-01   1.137110e-02  0.000000e+00   6.375719e+00  3.424586e+00   0.000000e+00  
9.489575e-01   8.851164e-02  0.000000e+00   6.425702e+00  3.473010e+00   0.000000e+00  
9.559617e-01   1.561862e-01  0.000000e+00   6.473999e+00  3.520522e+00   0.000000e+00  
8.551109e-01   2.067077e-01  0.000000e+00   6.520640e+00  3.567133e+00   0.000000e+00  
6.225335e-01   2.247445e-01  0.000000e+00   6.565656e+00  3.612854e+00   0.000000e+00  
1.173633e-01   1.231759e-01  0.000000e+00   6.609077e+00  3.657698e+00   0.000000e+00  
5.712833e-01   -6.232074e-02  0.000000e+00   6.650930e+00  3.701673e+00   0.000000e+00  
8.364120e-01   2.001711e-02  0.000000e+00   6.691241e+00  3.744790e+00   0.000000e+00  
9.487019e-01   1.013585e-01  0.000000e+00   6.730033e+00  3.787057e+00   0.000000e+00  
9.484437e-01   1.716461e-01  0.000000e+00   6.767332e+00  3.828482e+00   0.000000e+00  
8.393423e-01   2.226017e-01  0.000000e+00   6.803157e+00  3.869073e+00   0.000000e+00  
5.952330e-01   2.368346e-01  0.000000e+00   6.837530e+00  3.908838e+00   0.000000e+00  
4.855702e-02   9.398159e-02  0.000000e+00   6.870472e+00  3.947785e+00   0.000000e+00  
5.921113e-01   -5.789192e-02  0.000000e+00   6.902002e+00  3.985920e+00   0.000000e+00  
8.448795e-01   2.989962e-02  0.000000e+00   6.932138e+00  4.023250e+00   0.000000e+00  
9.485440e-01   1.148861e-01  0.000000e+00   6.960898e+00  4.059780e+00   0.000000e+00  
9.401120e-01   1.871910e-01  0.000000e+00   6.988297e+00  4.095517e+00   0.000000e+00  
8.218083e-01   2.378898e-01  0.000000e+00   7.014350e+00  4.130464e+00   0.000000e+00  
5.646806e-01   2.471621e-01  0.000000e+00   7.039073e+00  4.164628e+00   0.000000e+00  
-2.529785e-02   -5.479994e-03  0.000000e+00   7.062481e+00  4.198013e+00   0.000000e+00  
6.142069e-01   -5.197186e-02  0.000000e+00   7.084587e+00  4.230624e+00   0.000000e+00  
8.537714e-01   4.087009e-02  0.000000e+00   7.105403e+00  4.262465e+00   0.000000e+00  
9.480920e-01   1.290455e-01  0.000000e+00   7.124942e+00  4.293539e+00   0.000000e+00  
9.308307e-01   2.028618e-01  0.000000e+00   7.143215e+00  4.323850e+00   0.000000e+00  
8.025864e-01   2.526687e-01  0.000000e+00   7.160233e+00  4.353400e+00   0.000000e+00  
5.311335e-01   2.557544e-01  0.000000e+00   7.176006e+00  4.382194e+00   0.000000e+00  
7.396513e-02   -8.086631e-02  0.000000e+00   7.190545e+00  4.410234e+00   0.000000e+00  
6.365905e-01   -4.470930e-02  0.000000e+00   7.203859e+00  4.437522e+00   0.000000e+00  
8.625652e-01   5.282161e-02  0.000000e+00   7.215957e+00  4.464061e+00   0.000000e+00  
9.470681e-01   1.438038e-01  0.000000e+00   7.226847e+00  4.489852e+00   0.000000e+00  
9.204964e-01   2.186880e-01  0.000000e+00   7.236537e+00  4.514897e+00   0.000000e+00  
7.817199e-01   2.669975e-01  0.000000e+00   7.245034e+00  4.539198e+00   0.000000e+00  
4.947350e-01   2.625517e-01  0.000000e+00   7.252345e+00  4.562755e+00   0.000000e+00  
1.522384e-01   -9.852590e-02  0.000000e+00   7.258477e+00  4.585571e+00   0.000000e+00  
6.586024e-01   -3.622609e-02  0.000000e+00   7.263437e+00  4.607646e+00   0.000000e+00  
8.708911e-01   6.567751e-02  0.000000e+00   7.267230e+00  4.628980e+00   0.000000e+00  
9.452741e-01   1.591423e-01  0.000000e+00   7.269861e+00  4.649573e+00   0.000000e+00  
9.090391e-01   2.346965e-01  0.000000e+00   7.271335e+00  4.669427e+00   0.000000e+00  
7.592526e-01   2.809152e-01  0.000000e+00   7.271656e+00  4.688539e+00   0.000000e+00  
4.555939e-01   2.674267e-01  0.000000e+00   7.270829e+00  4.706912e+00   0.000000e+00  
2.167245e-01   -1.056782e-01  0.000000e+00   7.268858e+00  4.724543e+00   0.000000e+00  
6.797655e-01   -2.662791e-02  0.000000e+00   7.265747e+00  4.741433e+00   0.000000e+00  
8.784658e-01   7.938168e-02  0.000000e+00   7.261498e+00  4.757580e+00   0.000000e+00  
9.425547e-01   1.750552e-01  0.000000e+00   7.256114e+00  4.772984e+00   0.000000e+00  
8.964047e-01   2.509169e-01  0.000000e+00   7.249597e+00  4.787642e+00   0.000000e+00  
7.352262e-01   2.944517e-01  0.000000e+00   7.241949e+00  4.801552e+00   0.000000e+00  
4.137970e-01   2.701868e-01  0.000000e+00   7.233173e+00  4.814714e+00   0.000000e+00  
2.725048e-01   -1.077517e-01  0.000000e+00   7.223269e+00  4.827125e+00   0.000000e+00  
6.997356e-01   -1.600217e-02  0.000000e+00   7.212238e+00  4.838784e+00   0.000000e+00  
8.850736e-01   9.390049e-02  0.000000e+00   7.200082e+00  4.849687e+00   0.000000e+00  
9.387923e-01   1.915548e-01  0.000000e+00   7.186801e+00  4.859832e+00   0.000000e+00  
8.825612e-01   2.673909e-01  0.000000e+00   7.172394e+00  4.869215e+00   0.000000e+00  
7.096995e-01   3.076402e-01  0.000000e+00   7.156861e+00  4.877833e+00   0.000000e+00  
3.694571e-01   2.705791e-01  0.000000e+00   7.140202e+00  4.885683e+00   0.000000e+00  
3.216572e-01   -1.066152e-01  0.000000e+00   7.122415e+00  4.892762e+00   0.000000e+00  
7.182420e-01   -4.422078e-03  0.000000e+00   7.103499e+00  4.899065e+00   0.000000e+00  
8.905363e-01   1.092207e-01  0.000000e+00   7.083453e+00  4.904588e+00   0.000000e+00  
9.338908e-01   2.086740e-01  0.000000e+00   7.062275e+00  4.909327e+00   0.000000e+00  
8.674915e-01   2.841784e-01  0.000000e+00   7.039961e+00  4.913276e+00   0.000000e+00  
6.827539e-01   3.205276e-01  0.000000e+00   7.016509e+00  4.916431e+00   0.000000e+00  
3.227462e-01   2.682900e-01  0.000000e+00   6.991916e+00  4.918785e+00   0.000000e+00  
3.652151e-01   -1.032006e-01  0.000000e+00   6.966179e+00  4.920335e+00   0.000000e+00  
7.350594e-01   8.053952e-03  0.000000e+00   6.939294e+00  4.921074e+00   0.000000e+00  
8.947010e-01   1.253528e-01  0.000000e+00   6.911256e+00  4.920995e+00   0.000000e+00  
9.277718e-01   2.264732e-01  0.000000e+00   6.882061e+00  4.920091e+00   0.000000e+00  
8.512004e-01   3.013685e-01  0.000000e+00   6.851704e+00  4.918356e+00   0.000000e+00  
6.545146e-01   3.331911e-01  0.000000e+00   6.820178e+00  4.915782e+00   0.000000e+00  
2.739736e-01   2.629599e-01  0.000000e+00   6.787479e+00  4.912361e+00   0.000000e+00  
4.036958e-01   -9.808456e-02  0.000000e+00   6.753599e+00  4.908087e+00   0.000000e+00  
7.499704e-01   2.137928e-02  0.000000e+00   6.718533e+00  4.902950e+00   0.000000e+00  
8.974196e-01   1.423333e-01  0.000000e+00   6.682274e+00  4.896942e+00   0.000000e+00  
9.203646e-01   2.450492e-01  0.000000e+00   6.644812e+00  4.890052e+00   0.000000e+00  
8.337138e-01   3.190946e-01  0.000000e+00   6.606140e+00  4.882271e+00   0.000000e+00  
6.251688e-01   3.457611e-01  0.000000e+00   6.566249e+00  4.873589e+00   0.000000e+00  
2.236916e-01   2.542248e-01  0.000000e+00   6.525130e+00  4.863995e+00   0.000000e+00  
4.372931e-01   -9.168949e-02  0.000000e+00   6.482773e+00  4.853478e+00   0.000000e+00  
7.627378e-01   3.551927e-02  0.000000e+00   6.439168e+00  4.842027e+00   0.000000e+00  
8.985322e-01   1.602348e-01  0.000000e+00   6.394304e+00  4.829628e+00   0.000000e+00  
9.115981e-01   2.645529e-01  0.000000e+00   6.348170e+00  4.816269e+00   0.000000e+00  
8.150822e-01   3.375586e-01  0.000000e+00   6.300752e+00  4.801935e+00   0.000000e+00  
5.949929e-01   3.584599e-01  0.000000e+00   6.252037e+00  4.786614e+00   0.000000e+00  
1.728755e-01   2.418363e-01  0.000000e+00   6.202013e+00  4.770289e+00   0.000000e+00  
4.659275e-01   -8.437943e-02  0.000000e+00   6.150665e+00  4.752945e+00   0.000000e+00  
7.730681e-01   5.045075e-02  0.000000e+00   6.097978e+00  4.734567e+00   0.000000e+00  
8.978457e-01   1.791799e-01  0.000000e+00   6.043936e+00  4.715137e+00   0.000000e+00  
9.013926e-01   2.852166e-01  0.000000e+00   5.988521e+00  4.694634e+00   0.000000e+00  
7.953927e-01   3.570736e-01  0.000000e+00   5.931717e+00  4.673041e+00   0.000000e+00  
5.644065e-01   3.716691e-01  0.000000e+00   5.873503e+00  4.650338e+00   0.000000e+00  
1.232469e-01   2.259975e-01  0.000000e+00   5.813860e+00  4.626502e+00   0.000000e+00  
4.891872e-01   -7.653401e-02  0.000000e+00   5.752768e+00  4.601514e+00   0.000000e+00  
7.805444e-01   6.615750e-02  0.000000e+00   5.690205e+00  4.575348e+00   0.000000e+00  
8.950903e-01   1.993660e-01  0.000000e+00   5.626147e+00  4.547980e+00   0.000000e+00  
8.896357e-01   3.074042e-01  0.000000e+00   5.560569e+00  4.519382e+00   0.000000e+00  
7.747735e-01   3.781375e-01  0.000000e+00   5.493446e+00  4.489526e+00   0.000000e+00  
5.340403e-01   3.860503e-01  0.000000e+00   5.424748e+00  4.458383e+00   0.000000e+00  
7.771596e-02   2.081815e-01  0.000000e+00   5.354447e+00  4.425923e+00   0.000000e+00  
5.061724e-01   -6.863572e-02  0.000000e+00   5.282514e+00  4.392113e+00   0.000000e+00  
7.845170e-01   8.262438e-02  0.000000e+00   5.208914e+00  4.356917e+00   0.000000e+00  
8.898448e-01   2.211151e-01  0.000000e+00   5.133614e+00  4.320298e+00   0.000000e+00  
8.761410e-01   3.317083e-01  0.000000e+00   5.056576e+00  4.282214e+00   0.000000e+00  
7.534063e-01   4.015804e-01  0.000000e+00   4.977759e+00  4.242622e+00   0.000000e+00  
5.048600e-01   4.027831e-01  0.000000e+00   4.897121e+00  4.201478e+00   0.000000e+00  
4.081396e-02   1.929067e-01  0.000000e+00   4.814619e+00  4.158734e+00   0.000000e+00  
5.150844e-01   -6.143512e-02  0.000000e+00   4.730204e+00  4.114338e+00   0.000000e+00  
7.838614e-01   9.981486e-02  0.000000e+00   4.643827e+00  4.068234e+00   0.000000e+00  
8.813686e-01   2.449722e-01  0.000000e+00   4.555432e+00  4.020361e+00   0.000000e+00  
8.605447e-01   3.591549e-01  0.000000e+00   4.464959e+00  3.970651e+00   0.000000e+00  
7.315305e-01   4.288793e-01  0.000000e+00   4.372345e+00  3.919034e+00   0.000000e+00  
4.783868e-01   4.240725e-01  0.000000e+00   4.277519e+00  3.865433e+00   0.000000e+00  
1.861654e-02   1.903704e-01  0.000000e+00   4.180409e+00  3.809769e+00   0.000000e+00  
5.121543e-01   -5.635457e-02  0.000000e+00   4.080936e+00  3.751951e+00   0.000000e+00  
7.763840e-01   1.175956e-01  0.000000e+00   3.979014e+00  3.691879e+00   0.000000e+00  
8.681747e-01   2.719332e-01  0.000000e+00   3.874547e+00  3.629443e+00   0.000000e+00  
8.420288e-01   3.917006e-01  0.000000e+00   3.767431e+00  3.564521e+00   0.000000e+00  
7.094202e-01   4.629452e-01  0.000000e+00   3.657550e+00  3.496979e+00   0.000000e+00  
4.571624e-01   4.544163e-01  0.000000e+00   3.544777e+00  3.426669e+00   0.000000e+00  
1.864818e-02   2.175374e-01  0.000000e+00   3.428977e+00  3.353432e+00   0.000000e+00  
4.882129e-01   -5.675252e-02  0.000000e+00   3.309996e+00  3.277085e+00   0.000000e+00  
7.570074e-01   1.354310e-01  0.000000e+00   3.187667e+00  3.197418e+00   0.000000e+00  
8.466787e-01   3.040758e-01  0.000000e+00   3.061794e+00  3.114190e+00   0.000000e+00  
8.183708e-01   4.337164e-01  0.000000e+00   2.932159e+00  3.027124e+00   0.000000e+00  
6.871707e-01   5.105760e-01  0.000000e+00   2.798508e+00  2.935901e+00   0.000000e+00  
4.459366e-01   5.045980e-01  0.000000e+00   2.660556e+00  2.840158e+00   0.000000e+00  
5.312772e-02   2.978139e-01  0.000000e+00   2.517974e+00  2.739471e+00   0.000000e+00  
4.129124e-01   -7.333620e-02  0.000000e+00   2.370387e+00  2.633338e+00   0.000000e+00  
7.101475e-01   1.507704e-01  0.000000e+00   2.217347e+00  2.521137e+00   0.000000e+00  
8.052187e-01   3.470486e-01  0.000000e+00   2.058311e+00  2.402090e+00   0.000000e+00  
7.814166e-01   4.984386e-01  0.000000e+00   1.892610e+00  2.275212e+00   0.000000e+00  
6.633728e-01   5.939690e-01  0.000000e+00   1.719400e+00  2.139241e+00   0.000000e+00  
4.567140e-01   6.116316e-01  0.000000e+00   1.537603e+00  1.992528e+00   0.000000e+00  
1.540803e-01   4.902441e-01  0.000000e+00   1.345825e+00  1.832857e+00   0.000000e+00  
1.217176e-02   -1.193815e-01  0.000000e+00   1.142226e+00  1.657074e+00   0.000000e+00  
5.428883e-01   1.404103e-01  0.000000e+00   9.241980e-01  1.460245e+00   0.000000e+00  
6.657667e-01   4.338874e-01  0.000000e+00   6.877756e-01  1.233710e+00   0.000000e+00  
6.702551e-01   6.860682e-01  0.000000e+00   4.270072e-01  9.589220e-01   0.000000e+00  
6.347822e-01   9.528477e-01  0.000000e+00   1.375602e-01  5.888143e-01   0.000000e+00  
3.451009e-01   1.578044e+00  0.000000e+00   6.744188e-02  -1.501362e-01   0.000000e+00  
-6.263232e-01   1.617448e+00  0.000000e+00   7.475221e-01  -2.797917e-02   0.000000e+00  
-1.336361e+00   1.571054e+00  0.000000e+00   1.164002e+00  1.371544e-01   0.000000e+00  
-1.952026e+00   1.513714e+00  0.000000e+00   1.499906e+00  2.919653e-01   0.000000e+00  
-2.510181e+00   1.454112e+00  0.000000e+00   1.790631e+00  4.372135e-01   0.000000e+00  
-3.028051e+00   1.395424e+00  0.000000e+00   2.050955e+00  5.744850e-01   0.000000e+00  
-3.515592e+00   1.338910e+00  0.000000e+00   2.288803e+00  7.050448e-01   0.000000e+00  
-3.979191e+00   1.285050e+00  0.000000e+00   2.509038e+00  8.298517e-01   0.000000e+00  
-4.423231e+00   1.233979e+00  0.000000e+00   2.714912e+00  9.496412e-01   0.000000e+00  
-4.850873e+00   1.185683e+00  0.000000e+00   2.908733e+00  1.064990e+00   0.000000e+00  
-5.264484e+00   1.140076e+00  0.000000e+00   3.092216e+00  1.176359e+00   0.000000e+00  
-5.665892e+00   1.097045e+00  0.000000e+00   3.266678e+00  1.284125e+00   0.000000e+00  
-6.056540e+00   1.056468e+00  0.000000e+00   3.433156e+00  1.388601e+00   0.000000e+00  
-6.437598e+00   1.018222e+00  0.000000e+00   3.592488e+00  1.490050e+00   0.000000e+00  
-6.810022e+00   9.821916e-01  0.000000e+00   3.745363e+00  1.588694e+00   0.000000e+00  
-7.174613e+00   9.482663e-01  0.000000e+00   3.892354e+00  1.684728e+00   0.000000e+00  
-7.532045e+00   9.163441e-01  0.000000e+00   4.033946e+00  1.778318e+00   0.000000e+00  
-7.882895e+00   8.863307e-01  0.000000e+00   4.170555e+00  1.869611e+00   0.000000e+00  
-8.227660e+00   8.581391e-01  0.000000e+00   4.302540e+00  1.958737e+00   0.000000e+00  
-8.566771e+00   8.316890e-01  0.000000e+00   4.430211e+00  2.045811e+00   0.000000e+00  
-8.900607e+00   8.069067e-01  0.000000e+00   4.553843e+00  2.130936e+00   0.000000e+00  
-9.229502e+00   7.837240e-01  0.000000e+00   4.673678e+00  2.214204e+00   0.000000e+00  
-9.553754e+00   7.620780e-01  0.000000e+00   4.789932e+00  2.295700e+00   0.000000e+00  
-9.873626e+00   7.419105e-01  0.000000e+00   4.902797e+00  2.375498e+00   0.000000e+00  
-1.018936e+01   7.231676e-01  0.000000e+00   5.012447e+00  2.453668e+00   0.000000e+00  
-1.050116e+01   7.057993e-01  0.000000e+00   5.119038e+00  2.530274e+00   0.000000e+00  
-1.080923e+01   6.897593e-01  0.000000e+00   5.222712e+00  2.605372e+00   0.000000e+00  
-1.111374e+01   6.750041e-01  0.000000e+00   5.323598e+00  2.679017e+00   0.000000e+00  
-1.141486e+01   6.614935e-01  0.000000e+00   5.421816e+00  2.751257e+00   0.000000e+00  
-1.171273e+01   6.491899e-01  0.000000e+00   5.517472e+00  2.822139e+00   0.000000e+00  
-1.200749e+01   6.380578e-01  0.000000e+00   5.610667e+00  2.891704e+00   0.000000e+00  
-1.229926e+01   6.280645e-01  0.000000e+00   5.701492e+00  2.959991e+00   0.000000e+00  
-1.258816e+01   6.191787e-01  0.000000e+00   5.790034e+00  3.027038e+00   0.000000e+00  
-1.287429e+01   6.113715e-01  0.000000e+00   5.876369e+00  3.092878e+00   0.000000e+00  
-1.315776e+01   6.046154e-01  0.000000e+00   5.960573e+00  3.157543e+00   0.000000e+00  
-1.343865e+01   5.988846e-01  0.000000e+00   6.042712e+00  3.221063e+00   0.000000e+00  
-1.371705e+01   5.941547e-01  0.000000e+00   6.122851e+00  3.283467e+00   0.000000e+00  
-1.399304e+01   5.904028e-01  0.000000e+00   6.201049e+00  3.344780e+00   0.000000e+00  
-1.426670e+01   5.876071e-01  0.000000e+00   6.277362e+00  3.405028e+00   0.000000e+00  
-1.453810e+01   5.857469e-01  0.000000e+00   6.351842e+00  3.464233e+00   0.000000e+00  
-1.480730e+01   5.848029e-01  0.000000e+00   6.424538e+00  3.522419e+00   0.000000e+00  
-1.507436e+01   5.847566e-01  0.000000e+00   6.495497e+00  3.579606e+00   0.000000e+00  
-1.533935e+01   5.855902e-01  0.000000e+00   6.564762e+00  3.635814e+00   0.000000e+00  
-1.560231e+01   5.872873e-01  0.000000e+00   6.632374e+00  3.691061e+00   0.000000e+00  
-1.586330e+01   5.898320e-01  0.000000e+00   6.698371e+00  3.745365e+00   0.000000e+00  
-1.612238e+01   5.932091e-01  0.000000e+00   6.762792e+00  3.798743e+00   0.000000e+00  
-1.637958e+01   5.974043e-01  0.000000e+00   6.825669e+00  3.851211e+00   0.000000e+00  
-1.663495e+01   6.024039e-01  0.000000e+00   6.887037e+00  3.902784e+00   0.000000e+00  
-1.688853e+01   6.081950e-01  0.000000e+00   6.946927e+00  3.953477e+00   0.000000e+00  
-1.714036e+01   6.147649e-01  0.000000e+00   7.005368e+00  4.003304e+00   0.000000e+00  
-1.739048e+01   6.221019e-01  0.000000e+00   7.062389e+00  4.052276e+00   0.000000e+00  
-1.763893e+01   6.301947e-01  0.000000e+00   7.118016e+00  4.100408e+00   0.000000e+00  
-1.788573e+01   6.390323e-01  0.000000e+00   7.172275e+00  4.147710e+00   0.000000e+00  
-1.813093e+01   6.486044e-01  0.000000e+00   7.225191e+00  4.194194e+00   0.000000e+00  
-1.837455e+01   6.589012e-01  0.000000e+00   7.276786e+00  4.239871e+00   0.000000e+00  
-1.861662e+01   6.699131e-01  0.000000e+00   7.327083e+00  4.284752e+00   0.000000e+00  
-1.885717e+01   6.816310e-01  0.000000e+00   7.376103e+00  4.328845e+00   0.000000e+00  
-1.909623e+01   6.940464e-01  0.000000e+00   7.423866e+00  4.372161e+00   0.000000e+00  
-1.933383e+01   7.071508e-01  0.000000e+00   7.470391e+00  4.414708e+00   0.000000e+00  
-1.956998e+01   7.209363e-01  0.000000e+00   7.515697e+00  4.456496e+00   0.000000e+00  
-1.980471e+01   7.353953e-01  0.000000e+00   7.559802e+00  4.497531e+00   0.000000e+00  
-2.003805e+01   7.505205e-01  0.000000e+00   7.602723e+00  4.537823e+00   0.000000e+00  
-2.027001e+01   7.663049e-01  0.000000e+00   7.644475e+00  4.577378e+00   0.000000e+00  
-2.050062e+01   7.827417e-01  0.000000e+00   7.685074e+00  4.616205e+00   0.000000e+00  
-2.072990e+01   7.998246e-01  0.000000e+00   7.724536e+00  4.654308e+00   0.000000e+00  
-2.095786e+01   8.175474e-01  0.000000e+00   7.762874e+00  4.691696e+00   0.000000e+00  
-2.118452e+01   8.359041e-01  0.000000e+00   7.800102e+00  4.728375e+00   0.000000e+00  
-2.140991e+01   8.548892e-01  0.000000e+00   7.836233e+00  4.764350e+00   0.000000e+00  
-2.163404e+01   8.744972e-01  0.000000e+00   7.871280e+00  4.799627e+00   0.000000e+00  
-2.185692e+01   8.947229e-01  0.000000e+00   7.905254e+00  4.834211e+00   0.000000e+00  
-2.207857e+01   9.155613e-01  0.000000e+00   7.938168e+00  4.868109e+00   0.000000e+00  
-2.229901e+01   9.370077e-01  0.000000e+00   7.970032e+00  4.901325e+00   0.000000e+00  
-2.251825e+01   9.590575e-01  0.000000e+00   8.000858e+00  4.933863e+00   0.000000e+00  
-2.273630e+01   9.817064e-01  0.000000e+00   8.030654e+00  4.965728e+00   0.000000e+00  
-2.295318e+01   1.004950e+00  0.000000e+00   8.059432e+00  4.996925e+00   0.000000e+00  
-2.316890e+01   1.028785e+00  0.000000e+00   8.087201e+00  5.027457e+00   0.000000e+00  
-2.338348e+01   1.053207e+00  0.000000e+00   8.113969e+00  5.057329e+00   0.000000e+00  
-2.359691e+01   1.078212e+00  0.000000e+00   8.139745e+00  5.086544e+00   0.000000e+00  
-2.380923e+01   1.103797e+00  0.000000e+00   8.164537e+00  5.115106e+00   0.000000e+00  
-2.402042e+01   1.129959e+00  0.000000e+00   8.188355e+00  5.143018e+00   0.000000e+00  
-2.423052e+01   1.156695e+00  0.000000e+00   8.211204e+00  5.170283e+00   0.000000e+00  
-2.443953e+01   1.184001e+00  0.000000e+00   8.233093e+00  5.196905e+00   0.000000e+00  
-2.464745e+01   1.211875e+00  0.000000e+00   8.254028e+00  5.222886e+00   0.000000e+00  
-2.485430e+01   1.240313e+00  0.000000e+00   8.274017e+00  5.248228e+00   0.000000e+00  
-2.506008e+01   1.269315e+00  0.000000e+00   8.293065e+00  5.272935e+00   0.000000e+00  
-2.526481e+01   1.298876e+00  0.000000e+00   8.311179e+00  5.297008e+00   0.000000e+00  
-2.546849e+01   1.328995e+00  0.000000e+00   8.328365e+00  5.320451e+00   0.000000e+00  
-2.567113e+01   1.359670e+00  0.000000e+00   8.344628e+00  5.343264e+00   0.000000e+00  
-2.587274e+01   1.390898e+00  0.000000e+00   8.359974e+00  5.365450e+00   0.000000e+00  
-2.607333e+01   1.422678e+00  0.000000e+00   8.374407e+00  5.387010e+00   0.000000e+00  
-2.627290e+01   1.455008e+00  0.000000e+00   8.387933e+00  5.407947e+00   0.000000e+00  
-2.647146e+01   1.487887e+00  0.000000e+00   8.400557e+00  5.428261e+00   0.000000e+00  
-2.666902e+01   1.521312e+00  0.000000e+00   8.412282e+00  5.447954e+00   0.000000e+00  
-2.686557e+01   1.555282e+00  0.000000e+00   8.423113e+00  5.467027e+00   0.000000e+00  
-2.706114e+01   1.589797e+00  0.000000e+00   8.433054e+00  5.485482e+00   0.000000e+00  
-2.725572e+01   1.624855e+00  0.000000e+00   8.442108e+00  5.503318e+00   0.000000e+00  
-2.744932e+01   1.660454e+00  0.000000e+00   8.450280e+00  5.520538e+00   0.000000e+00  
-2.764195e+01   1.696595e+00  0.000000e+00   8.457571e+00  5.537141e+00   0.000000e+00  
-2.783360e+01   1.733275e+00  0.000000e+00   8.463987e+00  5.553128e+00   0.000000e+00  
-2.802429e+01   1.770495e+00  0.000000e+00   8.469529e+00  5.568500e+00   0.000000e+00  
-2.821402e+01   1.808254e+00  0.000000e+00   8.474200e+00  5.583256e+00   0.000000e+00  
-2.840280e+01   1.846551e+00  0.000000e+00   8.478002e+00  5.597398e+00   0.000000e+00  
-2.859062e+01   1.885386e+00  0.000000e+00   8.480939e+00  5.610925e+00   0.000000e+00  
-2.877749e+01   1.924759e+00  0.000000e+00   8.483012e+00  5.623836e+00   0.000000e+00  
-2.896341e+01   1.964669e+00  0.000000e+00   8.484223e+00  5.636132e+00   0.000000e+00  
-2.914840e+01   2.005116e+00  0.000000e+00   8.484574e+00  5.647813e+00   0.000000e+00  
-2.933244e+01   2.046101e+00  0.000000e+00   8.484066e+00  5.658877e+00   0.000000e+00  
-2.951555e+01   2.087624e+00  0.000000e+00   8.482701e+00  5.669324e+00   0.000000e+00  
-2.969773e+01   2.129684e+00  0.000000e+00   8.480480e+00  5.679155e+00   0.000000e+00  
-2.987897e+01   2.172282e+00  0.000000e+00   8.477405e+00  5.688366e+00   0.000000e+00  
-3.005929e+01   2.215419e+00  0.000000e+00   8.473475e+00  5.696959e+00   0.000000e+00  
-3.023868e+01   2.259095e+00  0.000000e+00   8.468692e+00  5.704931e+00   0.000000e+00  
-3.041715e+01   2.303311e+00  0.000000e+00   8.463056e+00  5.712281e+00   0.000000e+00  
-3.059469e+01   2.348068e+00  0.000000e+00   8.456568e+00  5.719009e+00   0.000000e+00  
-3.077132e+01   2.393366e+00  0.000000e+00   8.449228e+00  5.725112e+00   0.000000e+00  
-3.094702e+01   2.439207e+00  0.000000e+00   8.441035e+00  5.730588e+00   0.000000e+00  
-3.112180e+01   2.485592e+00  0.000000e+00   8.431990e+00  5.735437e+00   0.000000e+00  
-3.129567e+01   2.532521e+00  0.000000e+00   8.422092e+00  5.739656e+00   0.000000e+00  
-3.146862e+01   2.579997e+00  0.000000e+00   8.411340e+00  5.743243e+00   0.000000e+00  
-3.164066e+01   2.628020e+00  0.000000e+00   8.399735e+00  5.746196e+00   0.000000e+00  
-3.181178e+01   2.676593e+00  0.000000e+00   8.387274e+00  5.748513e+00   0.000000e+00  
-3.198198e+01   2.725717e+00  0.000000e+00   8.373957e+00  5.750190e+00   0.000000e+00  
-3.215127e+01   2.775393e+00  0.000000e+00   8.359783e+00  5.751227e+00   0.000000e+00  
-3.231964e+01   2.825624e+00  0.000000e+00   8.344750e+00  5.751619e+00   0.000000e+00  
-3.248709e+01   2.876412e+00  0.000000e+00   8.328857e+00  5.751364e+00   0.000000e+00  
-3.265363e+01   2.927759e+00  0.000000e+00   8.312101e+00  5.750458e+00   0.000000e+00  
-3.281925e+01   2.979667e+00  0.000000e+00   8.294481e+00  5.748899e+00   0.000000e+00  
-3.298395e+01   3.032139e+00  0.000000e+00   8.275994e+00  5.746684e+00   0.000000e+00  
-3.314773e+01   3.085177e+00  0.000000e+00   8.256639e+00  5.743807e+00   0.000000e+00  
-3.331059e+01   3.138784e+00  0.000000e+00   8.236411e+00  5.740267e+00   0.000000e+00  
-3.347253e+01   3.192963e+00  0.000000e+00   8.215310e+00  5.736058e+00   0.000000e+00  
-3.363354e+01   3.247716e+00  0.000000e+00   8.193331e+00  5.731178e+00   0.000000e+00  
-3.379363e+01   3.303048e+00  0.000000e+00   8.170472e+00  5.725620e+00   0.000000e+00  
-3.395278e+01   3.358961e+00  0.000000e+00   8.146728e+00  5.719382e+00   0.000000e+00  
-3.411100e+01   3.415458e+00  0.000000e+00   8.122097e+00  5.712458e+00   0.000000e+00  
-3.426829e+01   3.472544e+00  0.000000e+00   8.096574e+00  5.704844e+00   0.000000e+00  
-3.442464e+01   3.530221e+00  0.000000e+00   8.070156e+00  5.696534e+00   0.000000e+00  
-3.458005e+01   3.588495e+00  0.000000e+00   8.042837e+00  5.687523e+00   0.000000e+00  
-3.473451e+01   3.647369e+00  0.000000e+00   8.014614e+00  5.677805e+00   0.000000e+00  
-3.488803e+01   3.706847e+00  0.000000e+00   7.985481e+00  5.667376e+00   0.000000e+00  
-3.504059e+01   3.766933e+00  0.000000e+00   7.955434e+00  5.656228e+00   0.000000e+00  
-3.519220e+01   3.827634e+00  0.000000e+00   7.924466e+00  5.644356e+00   0.000000e+00  
-3.534285e+01   3.888952e+00  0.000000e+00   7.892573e+00  5.631752e+00   0.000000e+00  
-3.549253e+01   3.950894e+00  0.000000e+00   7.859749e+00  5.618411e+00   0.000000e+00  
-3.564124e+01   4.013464e+00  0.000000e+00   7.825987e+00  5.604326e+00   0.000000e+00  
-3.578897e+01   4.076668e+00  0.000000e+00   7.791280e+00  5.589488e+00   0.000000e+00  
-3.593572e+01   4.140513e+00  0.000000e+00   7.755623e+00  5.573890e+00   0.000000e+00  
-3.608149e+01   4.205002e+00  0.000000e+00   7.719007e+00  5.557525e+00   0.000000e+00  
-3.622626e+01   4.270144e+00  0.000000e+00   7.681426e+00  5.540384e+00   0.000000e+00  
-3.637002e+01   4.335944e+00  0.000000e+00   7.642872e+00  5.522459e+00   0.000000e+00  
-3.651279e+01   4.402409e+00  0.000000e+00   7.603335e+00  5.503740e+00   0.000000e+00  
-3.665453e+01   4.469545e+00  0.000000e+00   7.562809e+00  5.484218e+00   0.000000e+00  
-3.679525e+01   4.537361e+00  0.000000e+00   7.521284e+00  5.463884e+00   0.000000e+00  
-3.693494e+01   4.605864e+00  0.000000e+00   7.478750e+00  5.442727e+00   0.000000e+00  
-3.707360e+01   4.675062e+00  0.000000e+00   7.435198e+00  5.420737e+00   0.000000e+00  
-3.721120e+01   4.744962e+00  0.000000e+00   7.390618e+00  5.397903e+00   0.000000e+00  
-3.734774e+01   4.815573e+00  0.000000e+00   7.344999e+00  5.374213e+00   0.000000e+00  
-3.748322e+01   4.886905e+00  0.000000e+00   7.298330e+00  5.349656e+00   0.000000e+00  
-3.761762e+01   4.958966e+00  0.000000e+00   7.250600e+00  5.324219e+00   0.000000e+00  
-3.775093e+01   5.031767e+00  0.000000e+00   7.201795e+00  5.297888e+00   0.000000e+00  
-3.788314e+01   5.105317e+00  0.000000e+00   7.151904e+00  5.270652e+00   0.000000e+00  
-3.801424e+01   5.179626e+00  0.000000e+00   7.100914e+00  5.242494e+00   0.000000e+00  
-3.814421e+01   5.254707e+00  0.000000e+00   7.048810e+00  5.213401e+00   0.000000e+00  
-3.827304e+01   5.330570e+00  0.000000e+00   6.995577e+00  5.183357e+00   0.000000e+00  
-3.840073e+01   5.407226e+00  0.000000e+00   6.941201e+00  5.152346e+00   0.000000e+00  
-3.852724e+01   5.484690e+00  0.000000e+00   6.885666e+00  5.120350e+00   0.000000e+00  
-3.865258e+01   5.562974e+00  0.000000e+00   6.828955e+00  5.087352e+00   0.000000e+00  
-3.877672e+01   5.642091e+00  0.000000e+00   6.771051e+00  5.053334e+00   0.000000e+00  
-3.889964e+01   5.722056e+00  0.000000e+00   6.711935e+00  5.018276e+00   0.000000e+00  
-3.902133e+01   5.802883e+00  0.000000e+00   6.651588e+00  4.982157e+00   0.000000e+00  
-3.914178e+01   5.884590e+00  0.000000e+00   6.589990e+00  4.944955e+00   0.000000e+00  
-3.926095e+01   5.967192e+00  0.000000e+00   6.527119e+00  4.906649e+00   0.000000e+00  
-3.937883e+01   6.050706e+00  0.000000e+00   6.462954e+00  4.867214e+00   0.000000e+00  
-3.949540e+01   6.135151e+00  0.000000e+00   6.397471e+00  4.826625e+00   0.000000e+00  
-3.961064e+01   6.220546e+00  0.000000e+00   6.330645e+00  4.784856e+00   0.000000e+00  
-3.972452e+01   6.306911e+00  0.000000e+00   6.262450e+00  4.741878e+00   0.000000e+00  
-3.983701e+01   6.394268e+00  0.000000e+00   6.192860e+00  4.697662e+00   0.000000e+00  
-3.994810e+01   6.482639e+00  0.000000e+00   6.121844e+00  4.652178e+00   0.000000e+00  
-4.005774e+01   6.572047e+00  0.000000e+00   6.049373e+00  4.605391e+00   0.000000e+00  
-4.016592e+01   6.662517e+00  0.000000e+00   5.975414e+00  4.557266e+00   0.000000e+00  
-4.027259e+01   6.754077e+00  0.000000e+00   5.899932e+00  4.507767e+00   0.000000e+00  
-4.037773e+01   6.846754e+00  0.000000e+00   5.822892e+00  4.456854e+00   0.000000e+00  
-4.048130e+01   6.940578e+00  0.000000e+00   5.744255e+00  4.404485e+00   0.000000e+00  
-4.058327e+01   7.035580e+00  0.000000e+00   5.663980e+00  4.350613e+00   0.000000e+00  
-4.068358e+01   7.131795e+00  0.000000e+00   5.582023e+00  4.295192e+00   0.000000e+00  
-4.078220e+01   7.229258e+00  0.000000e+00   5.498338e+00  4.238170e+00   0.000000e+00  
-4.087907e+01   7.328007e+00  0.000000e+00   5.412875e+00  4.179491e+00   0.000000e+00  
-4.097416e+01   7.428084e+00  0.000000e+00   5.325580e+00  4.119097e+00   0.000000e+00  
-4.106741e+01   7.529532e+00  0.000000e+00   5.236397e+00  4.056922e+00   0.000000e+00  
-4.115876e+01   7.632399e+00  0.000000e+00   5.145264e+00  3.992897e+00   0.000000e+00  
-4.124814e+01   7.736735e+00  0.000000e+00   5.052115e+00  3.926949e+00   0.000000e+00  
-4.133549e+01   7.842595e+00  0.000000e+00   4.956879e+00  3.858995e+00   0.000000e+00  
-4.142075e+01   7.950038e+00  0.000000e+00   4.859478e+00  3.788947e+00   0.000000e+00  
-4.150382e+01   8.059129e+00  0.000000e+00   4.759828e+00  3.716708e+00   0.000000e+00  
-4.158462e+01   8.169938e+00  0.000000e+00   4.657838e+00  3.642172e+00   0.000000e+00  
-4.166306e+01   8.282540e+00  0.000000e+00   4.553409e+00  3.565223e+00   0.000000e+00  
-4.173904e+01   8.397019e+00  0.000000e+00   4.446431e+00  3.485732e+00   0.000000e+00  
-4.181244e+01   8.513466e+00  0.000000e+00   4.336783e+00  3.403556e+00   0.000000e+00  
-4.188314e+01   8.631984e+00  0.000000e+00   4.224333e+00  3.318535e+00   0.000000e+00  
-4.195099e+01   8.752683e+00  0.000000e+00   4.108933e+00  3.230491e+00   0.000000e+00  
-4.201585e+01   8.875689e+00  0.000000e+00   3.990417e+00  3.139224e+00   0.000000e+00  
-4.207753e+01   9.001142e+00  0.000000e+00   3.868603e+00  3.044504e+00   0.000000e+00  
-4.213584e+01   9.129198e+00  0.000000e+00   3.743279e+00  2.946071e+00   0.000000e+00  
-4.219055e+01   9.260037e+00  0.000000e+00   3.614209e+00  2.843626e+00   0.000000e+00  
-4.224140e+01   9.393861e+00  0.000000e+00   3.481121e+00  2.736819e+00   0.000000e+00  
-4.228809e+01   9.530906e+00  0.000000e+00   3.343700e+00  2.625240e+00   0.000000e+00  
-4.233027e+01   9.671443e+00  0.000000e+00   3.201578e+00  2.508403e+00   0.000000e+00  
-4.236753e+01   9.815793e+00  0.000000e+00   3.054320e+00  2.385721e+00   0.000000e+00  
-4.239936e+01   9.964338e+00  0.000000e+00   2.901404e+00  2.256477e+00   0.000000e+00  
-4.242514e+01   1.011754e+01  0.000000e+00   2.742195e+00  2.119775e+00   0.000000e+00  
-4.244412e+01   1.027595e+01  0.000000e+00   2.575903e+00  1.974473e+00   0.000000e+00  
-4.245531e+01   1.044029e+01  0.000000e+00   2.401525e+00  1.819067e+00   0.000000e+00  
-4.245742e+01   1.061147e+01  0.000000e+00   2.217741e+00  1.651512e+00   0.000000e+00  
-4.244869e+01   1.079068e+01  0.000000e+00   2.022760e+00  1.468890e+00   0.000000e+00  
-4.242654e+01   1.097959e+01  0.000000e+00   1.814009e+00  1.266757e+00   0.000000e+00  
-4.238697e+01   1.118060e+01  0.000000e+00   1.587529e+00  1.037693e+00   0.000000e+00  
-4.232297e+01   1.139742e+01  0.000000e+00   1.336536e+00  7.673091e-01   0.000000e+00  
-4.221972e+01   1.163610e+01  0.000000e+00   1.047185e+00  4.183823e-01   0.000000e+00  
-4.203293e+01   1.190065e+01  0.000000e+00   8.047270e-01  -3.001888e-01   0.000000e+00  
-4.173469e+01   1.215288e+01  0.000000e+00   1.523625e+00  -1.867655e-01   0.000000e+00  
-4.139012e+01   1.239798e+01  0.000000e+00   1.919718e+00  -7.119690e-03   0.000000e+00  
-4.101703e+01   1.264270e+01  0.000000e+00   2.233380e+00  1.564350e-01   0.000000e+00  
-4.062323e+01   1.288878e+01  0.000000e+00   2.501914e+00  3.075116e-01   0.000000e+00  
-4.021324e+01   1.313678e+01  0.000000e+00   2.740379e+00  4.488089e-01   0.000000e+00  
-3.979001e+01   1.338692e+01  0.000000e+00   2.956733e+00  5.821471e-01   0.000000e+00  
-3.935561e+01   1.363922e+01  0.000000e+00   3.155816e+00  7.088059e-01   0.000000e+00  
-3.891158e+01   1.389365e+01  0.000000e+00   3.340848e+00  8.297244e-01   0.000000e+00  
-3.845908e+01   1.415015e+01  0.000000e+00   3.514106e+00  9.456179e-01   0.000000e+00  
-3.799905e+01   1.440864e+01  0.000000e+00   3.677276e+00  1.057047e+00   0.000000e+00  
-3.753222e+01   1.466904e+01  0.000000e+00   3.831651e+00  1.164462e+00   0.000000e+00  
-3.705922e+01   1.493128e+01  0.000000e+00   3.978247e+00  1.268232e+00   0.000000e+00  
-3.658056e+01   1.519529e+01  0.000000e+00   4.117885e+00  1.368664e+00   0.000000e+00  
-3.609668e+01   1.546099e+01  0.000000e+00   4.251238e+00  1.466018e+00   0.000000e+00  
-3.560795e+01   1.572831e+01  0.000000e+00   4.378865e+00  1.560516e+00   0.000000e+00  
-3.511470e+01   1.599720e+01  0.000000e+00   4.501242e+00  1.652349e+00   0.000000e+00  
-3.461720e+01   1.626760e+01  0.000000e+00   4.618771e+00  1.741684e+00   0.000000e+00  
-3.411571e+01   1.653946e+01  0.000000e+00   4.731804e+00  1.828669e+00   0.000000e+00  
-3.361044e+01   1.681272e+01  0.000000e+00   4.840643e+00  1.913434e+00   0.000000e+00  
-3.310160e+01   1.708733e+01  0.000000e+00   4.945556e+00  1.996094e+00   0.000000e+00  
-3.258935e+01   1.736326e+01  0.000000e+00   5.046779e+00  2.076753e+00   0.000000e+00  
-3.207386e+01   1.764047e+01  0.000000e+00   5.144521e+00  2.155504e+00   0.000000e+00  
-3.155527e+01   1.791891e+01  0.000000e+00   5.238971e+00  2.232433e+00   0.000000e+00  
-3.103371e+01   1.819855e+01  0.000000e+00   5.330296e+00  2.307617e+00   0.000000e+00  
-3.050930e+01   1.847935e+01  0.000000e+00   5.418650e+00  2.381124e+00   0.000000e+00  
-2.998215e+01   1.876130e+01  0.000000e+00   5.504169e+00  2.453020e+00   0.000000e+00  
-2.945236e+01   1.904434e+01  0.000000e+00   5.586981e+00  2.523364e+00   0.000000e+00  
-2.892001e+01   1.932846e+01  0.000000e+00   5.667199e+00  2.592210e+00   0.000000e+00  
-2.838520e+01   1.961364e+01  0.000000e+00   5.744930e+00  2.659607e+00   0.000000e+00  
-2.784801e+01   1.989983e+01  0.000000e+00   5.820269e+00  2.725604e+00   0.000000e+00  
-2.730850e+01   2.018703e+01  0.000000e+00   5.893308e+00  2.790242e+00   0.000000e+00  
-2.676674e+01   2.047520e+01  0.000000e+00   5.964127e+00  2.853563e+00   0.000000e+00  
-2.622281e+01   2.076434e+01  0.000000e+00   6.032804e+00  2.915603e+00   0.000000e+00  
-2.567675e+01   2.105440e+01  0.000000e+00   6.099411e+00  2.976398e+00   0.000000e+00  
-2.512862e+01   2.134538e+01  0.000000e+00   6.164012e+00  3.035980e+00   0.000000e+00  
-2.457848e+01   2.163726e+01  0.000000e+00   6.226671e+00  3.094380e+00   0.000000e+00  
-2.402638e+01   2.193002e+01  0.000000e+00   6.287445e+00  3.151628e+00   0.000000e+00  
-2.347235e+01   2.222364e+01  0.000000e+00   6.346388e+00  3.207750e+00   0.000000e+00  
-2.291645e+01   2.251811e+01  0.000000e+00   6.403551e+00  3.262772e+00   0.000000e+00  
-2.235872e+01   2.281341e+01  0.000000e+00   6.458982e+00  3.316718e+00   0.000000e+00  
-2.179919e+01   2.310952e+01  0.000000e+00   6.512725e+00  3.369611e+00   0.000000e+00  
-2.123790e+01   2.340643e+01  0.000000e+00   6.564823e+00  3.421473e+00   0.000000e+00  
-2.067489e+01   2.370413e+01  0.000000e+00   6.615317e+00  3.472324e+00   0.000000e+00  
-2.011019e+01   2.400261e+01  0.000000e+00   6.664242e+00  3.522182e+00   0.000000e+00  
-1.954383e+01   2.430184e+01  0.000000e+00   6.711637e+00  3.571068e+00   0.000000e+00  
-1.897585e+01   2.460183e+01  0.000000e+00   6.757533e+00  3.618998e+00   0.000000e+00  
-1.840627e+01   2.490255e+01  0.000000e+00   6.801964e+00  3.665988e+00   0.000000e+00  
-1.783511e+01   2.520400e+01  0.000000e+00   6.844959e+00  3.712055e+00   0.000000e+00  
-1.726242e+01   2.550617e+01  0.000000e+00   6.886548e+00  3.757213e+00   0.000000e+00  
-1.668820e+01   2.580905e+01  0.000000e+00   6.926758e+00  3.801477e+00   0.000000e+00  
-1.611249e+01   2.611262e+01  0.000000e+00   6.965614e+00  3.844860e+00   0.000000e+00  
-1.553531e+01   2.641688e+01  0.000000e+00   7.003143e+00  3.887375e+00   0.000000e+00  
-1.495669e+01   2.672182e+01  0.000000e+00   7.039367e+00  3.929035e+00   0.000000e+00  
-1.437663e+01   2.702744e+01  0.000000e+00   7.074310e+00  3.969851e+00   0.000000e+00  
-1.379517e+01   2.733371e+01  0.000000e+00   7.107993e+00  4.009835e+00   0.000000e+00  
-1.321233e+01   2.764065e+01  0.000000e+00   7.140435e+00  4.048998e+00   0.000000e+00  
-1.262812e+01   2.794824e+01  0.000000e+00   7.171658e+00  4.087349e+00   0.000000e+00  
-1.204256e+01   2.825647e+01  0.000000e+00   7.201680e+00  4.124898e+00   0.000000e+00  
-1.145567e+01   2.856533e+01  0.000000e+00   7.230519e+00  4.161656e+00   0.000000e+00  
-1.086746e+01   2.887484e+01  0.000000e+00   7.258192e+00  4.197630e+00   0.000000e+00  
-1.027797e+01   2.918497e+01  0.000000e+00   7.284716e+00  4.232830e+00   0.000000e+00  
-9.687189e+00   2.949572e+01  0.000000e+00   7.310106e+00  4.267264e+00   0.000000e+00  
-9.095146e+00   2.980709e+01  0.000000e+00   7.334378e+00  4.300940e+00   0.000000e+00  
-8.501853e+00   3.011908e+01  0.000000e+00   7.357546e+00  4.333864e+00   0.000000e+00  
-7.907324e+00   3.043168e+01  0.000000e+00   7.379624e+00  4.366045e+00   0.000000e+00  
-7.311573e+00   3.074488e+01  0.000000e+00   7.400625e+00  4.397489e+00   0.000000e+00  
-6.714613e+00   3.105870e+01  0.000000e+00   7.420563e+00  4.428203e+00   0.000000e+00  
-6.116457e+00   3.137311e+01  0.000000e+00   7.439449e+00  4.458193e+00   0.000000e+00  
-5.517116e+00   3.168813e+01  0.000000e+00   7.457296e+00  4.487465e+00   0.000000e+00  
-4.916603e+00   3.200374e+01  0.000000e+00   7.474114e+00  4.516026e+00   0.000000e+00  
-4.314928e+00   3.231995e+01  0.000000e+00   7.489914e+00  4.543879e+00   0.000000e+00  
-3.712102e+00   3.263676e+01  0.000000e+00   7.504708e+00  4.571031e+00   0.000000e+00  
-3.108136e+00   3.295416e+01  0.000000e+00   7.518505e+00  4.597487e+00   0.000000e+00  
-2.503038e+00   3.327216e+01  0.000000e+00   7.531314e+00  4.623252e+00   0.000000e+00  
-1.896818e+00   3.359075e+01  0.000000e+00   7.543145e+00  4.648329e+00   0.000000e+00  
-1.289486e+00   3.390993e+01  0.000000e+00   7.554007e+00  4.672724e+00   0.000000e+00  
-6.810488e-01   3.422971e+01  0.000000e+00   7.563909e+00  4.696440e+00   0.000000e+00  
-7.151512e-02   3.455008e+01  0.000000e+00   7.572858e+00  4.719482e+00   0.000000e+00  
5.391077e-01   3.487104e+01  0.000000e+00   7.580862e+00  4.741853e+00   0.000000e+00  
1.150813e+00   3.519260e+01  0.000000e+00   7.587929e+00  4.763557e+00   0.000000e+00  
1.763593e+00   3.551475e+01  0.000000e+00   7.594067e+00  4.784596e+00   0.000000e+00  
2.377441e+00   3.583750e+01  0.000000e+00   7.599281e+00  4.804976e+00   0.000000e+00  
2.992353e+00   3.616085e+01  0.000000e+00   7.603579e+00  4.824697e+00   0.000000e+00  
3.608322e+00   3.648479e+01  0.000000e+00   7.606967e+00  4.843764e+00   0.000000e+00  
4.225343e+00   3.680933e+01  0.000000e+00   7.609452e+00  4.862178e+00   0.000000e+00  
4.843411e+00   3.713448e+01  0.000000e+00   7.611038e+00  4.879943e+00   0.000000e+00  
5.462522e+00   3.746022e+01  0.000000e+00   7.611732e+00  4.897061e+00   0.000000e+00  
6.082671e+00   3.778657e+01  0.000000e+00   7.611539e+00  4.913533e+00   0.000000e+00  
6.703855e+00   3.811353e+01  0.000000e+00   7.610465e+00  4.929362e+00   0.000000e+00  
7.326069e+00   3.844110e+01  0.000000e+00   7.608513e+00  4.944551e+00   0.000000e+00  
7.949312e+00   3.876928e+01  0.000000e+00   7.605688e+00  4.959099e+00   0.000000e+00  
8.573579e+00   3.909807e+01  0.000000e+00   7.601996e+00  4.973010e+00   0.000000e+00  
9.198868e+00   3.942747e+01  0.000000e+00   7.597439e+00  4.986285e+00   0.000000e+00  
9.825177e+00   3.975750e+01  0.000000e+00   7.592023e+00  4.998924e+00   0.000000e+00  
1.045250e+01   4.008814e+01  0.000000e+00   7.585750e+00  5.010930e+00   0.000000e+00  
1.108085e+01   4.041941e+01  0.000000e+00   7.578625e+00  5.022303e+00   0.000000e+00  
1.171020e+01   4.075131e+01  0.000000e+00   7.570651e+00  5.033044e+00   0.000000e+00  
1.234057e+01   4.108384e+01  0.000000e+00   7.561831e+00  5.043154e+00   0.000000e+00  
1.297196e+01   4.141700e+01  0.000000e+00   7.552167e+00  5.052633e+00   0.000000e+00  
1.360435e+01   4.175080e+01  0.000000e+00   7.541663e+00  5.061482e+00   0.000000e+00  
1.423776e+01   4.208523e+01  0.000000e+00   7.530322e+00  5.069702e+00   0.000000e+00  
1.487218e+01   4.242031e+01  0.000000e+00   7.518145e+00  5.077293e+00   0.000000e+00  
1.550761e+01   4.275604e+01  0.000000e+00   7.505135e+00  5.084254e+00   0.000000e+00  
1.614405e+01   4.309242e+01  0.000000e+00   7.491294e+00  5.090587e+00   0.000000e+00  
1.678150e+01   4.342945e+01  0.000000e+00   7.476624e+00  5.096290e+00   0.000000e+00  
1.741997e+01   4.376715e+01  0.000000e+00   7.461126e+00  5.101364e+00   0.000000e+00  
1.805946e+01   4.410550e+01  0.000000e+00   7.444803e+00  5.105808e+00   0.000000e+00  
1.869996e+01   4.444453e+01  0.000000e+00   7.427654e+00  5.109621e+00   0.000000e+00  
1.934147e+01   4.478422e+01  0.000000e+00   7.409683e+00  5.112804e+00   0.000000e+00  
1.998401e+01   4.512459e+01  0.000000e+00   7.390888e+00  5.115355e+00   0.000000e+00  
2.062757e+01   4.546565e+01  0.000000e+00   7.371273e+00  5.117273e+00   0.000000e+00  
2.127216e+01   4.580739e+01  0.000000e+00   7.350836e+00  5.118558e+00   0.000000e+00  
2.191777e+01   4.614982e+01  0.000000e+00   7.329579e+00  5.119208e+00   0.000000e+00  
2.256441e+01   4.649295e+01  0.000000e+00   7.307502e+00  5.119222e+00   0.000000e+00  
2.321209e+01   4.683678e+01  0.000000e+00   7.284605e+00  5.118599e+00   0.000000e+00  
2.386080e+01   4.718131e+01  0.000000e+00   7.260888e+00  5.117337e+00   0.000000e+00  
2.451056e+01   4.752656e+01  0.000000e+00   7.236351e+00  5.115435e+00   0.000000e+00  
2.516136e+01   4.787253e+01  0.000000e+00   7.210993e+00  5.112890e+00   0.000000e+00  
2.581320e+01   4.821923e+01  0.000000e+00   7.184815e+00  5.109702e+00   0.000000e+00  
2.646611e+01   4.856666e+01  0.000000e+00   7.157815e+00  5.105867e+00   0.000000e+00  
2.712007e+01   4.891482e+01  0.000000e+00   7.129993e+00  5.101383e+00   0.000000e+00  
2.777510e+01   4.926373e+01  0.000000e+00   7.101348e+00  5.096249e+00   0.000000e+00  
2.843120e+01   4.961339e+01  0.000000e+00   7.071878e+00  5.090462e+00   0.000000e+00  
2.908837e+01   4.996381e+01  0.000000e+00   7.041582e+00  5.084018e+00   0.000000e+00  
2.974663e+01   5.031500e+01  0.000000e+00   7.010458e+00  5.076917e+00   0.000000e+00  
3.040597e+01   5.066696e+01  0.000000e+00   6.978506e+00  5.069153e+00   0.000000e+00  
3.106641e+01   5.101970e+01  0.000000e+00   6.945723e+00  5.060725e+00   0.000000e+00  
3.172795e+01   5.137323e+01  0.000000e+00   6.912107e+00  5.051629e+00   0.000000e+00  
3.239060e+01   5.172756e+01  0.000000e+00   6.877655e+00  5.041862e+00   0.000000e+00  
3.305437e+01   5.208270e+01  0.000000e+00   6.842366e+00  5.031420e+00   0.000000e+00  
3.371926e+01   5.243865e+01  0.000000e+00   6.806237e+00  5.020299e+00   0.000000e+00  
3.438529e+01   5.279543e+01  0.000000e+00   6.769264e+00  5.008496e+00   0.000000e+00  
3.505246e+01   5.315304e+01  0.000000e+00   6.731446e+00  4.996006e+00   0.000000e+00  
3.572078e+01   5.351150e+01  0.000000e+00   6.692778e+00  4.982825e+00   0.000000e+00  
3.639027e+01   5.387082e+01  0.000000e+00   6.653258e+00  4.968949e+00   0.000000e+00  
3.706092e+01   5.423100e+01  0.000000e+00   6.612881e+00  4.954373e+00   0.000000e+00  
3.773276e+01   5.459205e+01  0.000000e+00   6.571645e+00  4.939091e+00   0.000000e+00  
3.840580e+01   5.495400e+01  0.000000e+00   6.529544e+00  4.923100e+00   0.000000e+00  
3.908004e+01   5.531685e+01  0.000000e+00   6.486574e+00  4.906394e+00   0.000000e+00  
3.975549e+01   5.568061e+01  0.000000e+00   6.442732e+00  4.888966e+00   0.000000e+00  
4.043218e+01   5.604529e+01  0.000000e+00   6.398013e+00  4.870813e+00   0.000000e+00  
4.111011e+01   5.641092e+01  0.000000e+00   6.352410e+00  4.851926e+00   0.000000e+00  
4.178930e+01   5.677749e+01  0.000000e+00   6.305920e+00  4.832301e+00   0.000000e+00  
4.246976e+01   5.714504e+01  0.000000e+00   6.258536e+00  4.811931e+00   0.000000e+00  
4.315150e+01   5.751357e+01  0.000000e+00   6.210254e+00  4.790808e+00   0.000000e+00  
4.383455e+01   5.788309e+01  0.000000e+00   6.161066e+00  4.768927e+00   0.000000e+00  
4.451891e+01   5.825363e+01  0.000000e+00   6.110967e+00  4.746280e+00   0.000000e+00  
4.520461e+01   5.862520e+01  0.000000e+00   6.059950e+00  4.722858e+00   0.000000e+00  
4.589166e+01   5.899782e+01  0.000000e+00   6.008008e+00  4.698655e+00   0.000000e+00  
4.658008e+01   5.937150e+01  0.000000e+00   5.955134e+00  4.673662e+00   0.000000e+00  
4.726989e+01   5.974627e+01  0.000000e+00   5.901321e+00  4.647871e+00   0.000000e+00  
4.796111e+01   6.012215e+01  0.000000e+00   5.846560e+00  4.621272e+00   0.000000e+00  
4.865375e+01   6.049915e+01  0.000000e+00   5.790843e+00  4.593856e+00   0.000000e+00  
4.934785e+01   6.087730e+01  0.000000e+00   5.734162e+00  4.565614e+00   0.000000e+00  
5.004343e+01   6.125661e+01  0.000000e+00   5.676507e+00  4.536536e+00   0.000000e+00  
5.074050e+01   6.163713e+01  0.000000e+00   5.617870e+00  4.506611e+00   0.000000e+00  
5.143910e+01   6.201886e+01  0.000000e+00   5.558241e+00  4.475828e+00   0.000000e+00  
5.213925e+01   6.240183e+01  0.000000e+00   5.497609e+00  4.444177e+00   0.000000e+00  
5.284097e+01   6.278608e+01  0.000000e+00   5.435963e+00  4.411644e+00   0.000000e+00  
5.354430e+01   6.317163e+01  0.000000e+00   5.373293e+00  4.378219e+00   0.000000e+00  
5.424927e+01   6.355851e+01  0.000000e+00   5.309587e+00  4.343887e+00   0.000000e+00  
5.495590e+01   6.394675e+01  0.000000e+00   5.244833e+00  4.308637e+00   0.000000e+00  
5.566424e+01   6.433638e+01  0.000000e+00   5.179017e+00  4.272452e+00   0.000000e+00  
5.637431e+01   6.472744e+01  0.000000e+00   5.112128e+00  4.235320e+00   0.000000e+00  
5.708615e+01   6.511997e+01  0.000000e+00   5.044150e+00  4.197225e+00   0.000000e+00  
5.779980e+01   6.551401e+01  0.000000e+00   4.975070e+00  4.158150e+00   0.000000e+00  
5.851531e+01   6.590959e+01  0.000000e+00   4.904872e+00  4.118079e+00   0.000000e+00  
5.923271e+01   6.630676e+01  0.000000e+00   4.833540e+00  4.076995e+00   0.000000e+00  
5.995205e+01   6.670556e+01  0.000000e+00   4.761058e+00  4.034879e+00   0.000000e+00  
6.067338e+01   6.710605e+01  0.000000e+00   4.687408e+00  3.991712e+00   0.000000e+00  
6.139674e+01   6.750827e+01  0.000000e+00   4.612572e+00  3.947474e+00   0.000000e+00  
6.212220e+01   6.791228e+01  0.000000e+00   4.536531e+00  3.902144e+00   0.000000e+00  
6.284981e+01   6.831814e+01  0.000000e+00   4.459264e+00  3.855700e+00   0.000000e+00  
6.357963e+01   6.872591e+01  0.000000e+00   4.380751e+00  3.808117e+00   0.000000e+00  
6.431173e+01   6.913566e+01  0.000000e+00   4.300970e+00  3.759373e+00   0.000000e+00  
6.504617e+01   6.954745e+01  0.000000e+00   4.219896e+00  3.709440e+00   0.000000e+00  
6.578302e+01   6.996137e+01  0.000000e+00   4.137506e+00  3.658292e+00   0.000000e+00  
6.652237e+01   7.037749e+01  0.000000e+00   4.053773e+00  3.605900e+00   0.000000e+00  
6.726430e+01   7.079591e+01  0.000000e+00   3.968671e+00  3.552233e+00   0.000000e+00  
6.800889e+01   7.121671e+01  0.000000e+00   3.882171e+00  3.497260e+00   0.000000e+00  
6.875625e+01   7.164000e+01  0.000000e+00   3.794241e+00  3.440946e+00   0.000000e+00  
6.950648e+01   7.206590e+01  0.000000e+00   3.704850e+00  3.383255e+00   0.000000e+00  
7.025969e+01   7.249452e+01  0.000000e+00   3.613964e+00  3.324149e+00   0.000000e+00  
7.101600e+01   7.292598e+01  0.000000e+00   3.521547e+00  3.263587e+00   0.000000e+00  
7.177554e+01   7.336045e+01  0.000000e+00   3.427560e+00  3.201525e+00   0.000000e+00  
7.253846e+01   7.379807e+01  0.000000e+00   3.331963e+00  3.137919e+00   0.000000e+00  
7.330491e+01   7.423901e+01  0.000000e+00   3.234712e+00  3.072717e+00   0.000000e+00  
7.407506e+01   7.468347e+01  0.000000e+00   3.135760e+00  3.005867e+00   0.000000e+00  
7.484910e+01   7.513166e+01  0.000000e+00   3.035060e+00  2.937313e+00   0.000000e+00  
7.562723e+01   7.558381e+01  0.000000e+00   2.932556e+00  2.866993e+00   0.000000e+00  
7.640968e+01   7.604018e+01  0.000000e+00   2.828193e+00  2.794842e+00   0.000000e+00  
7.719670e+01   7.650107e+01  0.000000e+00   2.721910e+00  2.720788e+00   0.000000e+00  
7.798857e+01   7.696681e+01  0.000000e+00   2.613642e+00  2.644755e+00   0.000000e+00  
7.878561e+01   7.743778e+01  0.000000e+00   2.503316e+00  2.566660e+00   0.000000e+00  
7.958816e+01   7.791440e+01  0.000000e+00   2.390857e+00  2.486412e+00   0.000000e+00  
8.039663e+01   7.839718e+01  0.000000e+00   2.276182e+00  2.403912e+00   0.000000e+00  
8.121147e+01   7.888669e+01  0.000000e+00   2.159199e+00  2.319051e+00   0.000000e+00  
8.203320e+01   7.938360e+01  0.000000e+00   2.039810e+00  2.231711e+00   0.000000e+00  
8.286243e+01   7.988871e+01  0.000000e+00   1.917907e+00  2.141760e+00   0.000000e+00  
8.369985e+01   8.040297e+01  0.000000e+00   1.793371e+00  2.049052e+00   0.000000e+00  
8.454628e+01   8.092753e+01  0.000000e+00   1.666070e+00  1.953426e+00   0.000000e+00  
8.540271e+01   8.146381e+01  0.000000e+00   1.535858e+00  1.854699e+00   0.000000e+00  
8.627029e+01   8.201356e+01  0.000000e+00   1.402573e+00  1.752667e+00   0.000000e+00  
8.715046e+01   8.257903e+01  0.000000e+00   1.266034e+00  1.647099e+00   0.000000e+00  
8.804494e+01   8.316314e+01  0.000000e+00   1.126035e+00  1.537732e+00   0.000000e+00  
8.895591e+01   8.376976e+01  0.000000e+00   9.823434e-01  1.424263e+00   0.000000e+00  
8.988611e+01   8.440428e+01  0.000000e+00   8.346939e-01  1.306340e+00   0.000000e+00  
9.083901e+01   8.507436e+01  0.000000e+00   6.827809e-01  1.183555e+00   0.000000e+00  
9.181900e+01   8.579152e+01  0.000000e+00   5.262492e-01  1.055422e+00   0.000000e+00  
9.283142e+01   8.657407e+01  0.000000e+00   3.646828e-01  9.213624e-01   0.000000e+00  
9.388146e+01   8.745300e+01  0.000000e+00   1.975888e-01  7.806734e-01   0.000000e+00  
9.496842e+01   8.848425e+01  0.000000e+00   2.437756e-02  6.324900e-01   0.000000e+00  
9.606004e+01   8.976706e+01  0.000000e+00   -1.556621e-01  4.757282e-01   0.000000e+00  
9.702436e+01   9.141643e+01  0.000000e+00   -3.433928e-01  3.089974e-01   0.000000e+00  
9.766613e+01   9.337811e+01  0.000000e+00   -5.398665e-01  1.304510e-01   0.000000e+00  
9.798821e+01   9.544125e+01  0.000000e+00   -7.464007e-01  -6.249726e-02   0.000000e+00  
9.811811e+01   9.749766e+01  0.000000e+00   -9.647201e-01  -2.736881e-01   0.000000e+00  
9.814414e+01   9.952763e+01  0.000000e+00   -1.197171e+00  -5.092333e-01   0.000000e+00  
9.811172e+01   1.015338e+02  0.000000e+00   -1.447019e+00  -7.799017e-01   0.000000e+00  
9.804462e+01   1.035218e+02  0.000000e+00   -1.718488e+00  -1.108168e+00   0.000000e+00  
9.795627e+01   1.054963e+02  0.000000e+00   -2.010117e+00  -1.559441e+00   0.000000e+00  
9.785512e+01   1.074608e+02  0.000000e+00   -1.960508e+00  -2.346870e+00   0.000000e+00  
9.774642e+01   1.094165e+02  0.000000e+00   -1.336106e+00  -2.554961e+00   0.000000e+00  
9.763198e+01   1.113612e+02  0.000000e+00   -8.848210e-01  -2.581630e+00   0.000000e+00  
9.751310e+01   1.132929e+02  0.000000e+00   -5.143696e-01  -2.574237e+00   0.000000e+00  
9.739133e+01   1.152099e+02  0.000000e+00   -1.919091e-01  -2.554169e+00   0.000000e+00  
9.726845e+01   1.171112e+02  0.000000e+00   9.753916e-02  -2.528243e+00   0.000000e+00  
9.714623e+01   1.189965e+02  0.000000e+00   3.623010e-01  -2.499381e+00   0.000000e+00  
9.702639e+01   1.208659e+02  0.000000e+00   6.075857e-01  -2.469051e+00   0.000000e+00  
9.691039e+01   1.227198e+02  0.000000e+00   8.369192e-01  -2.438069e+00   0.000000e+00  
9.679948e+01   1.245591e+02  0.000000e+00   1.052825e+00  -2.406916e+00   0.000000e+00  
9.669457e+01   1.263848e+02  0.000000e+00   1.257189e+00  -2.375893e+00   0.000000e+00  
9.659636e+01   1.281980e+02  0.000000e+00   1.451462e+00  -2.345191e+00   0.000000e+00  
9.650530e+01   1.299997e+02  0.000000e+00   1.636797e+00  -2.314934e+00   0.000000e+00  
9.642164e+01   1.317911e+02  0.000000e+00   1.814123e+00  -2.285206e+00   0.000000e+00  
9.634551e+01   1.335730e+02  0.000000e+00   1.984208e+00  -2.256059e+00   0.000000e+00  
9.627691e+01   1.353465e+02  0.000000e+00   2.147690e+00  -2.227529e+00   0.000000e+00  
9.621577e+01   1.371122e+02  0.000000e+00   2.305113e+00  -2.199638e+00   0.000000e+00  
9.616196e+01   1.388711e+02  0.000000e+00   2.456941e+00  -2.172398e+00   0.000000e+00  
9.611530e+01   1.406236e+02  0.000000e+00   2.603576e+00  -2.145816e+00   0.000000e+00  
9.607560e+01   1.423705e+02  0.000000e+00   2.745367e+00  -2.119893e+00   0.000000e+00  
9.604265e+01   1.441122e+02  0.000000e+00   2.882621e+00  -2.094627e+00   0.000000e+00  
9.601624e+01   1.458492e+02  0.000000e+00   3.015612e+00  -2.070015e+00   0.000000e+00  
9.599615e+01   1.475819e+02  0.000000e+00   3.144581e+00  -2.046051e+00   0.000000e+00  
9.598216e+01   1.493106e+02  0.000000e+00   3.269745e+00  -2.022728e+00   0.000000e+00  
9.597407e+01   1.510358e+02  0.000000e+00   3.391300e+00  -2.000039e+00   0.000000e+00  
9.597167e+01   1.527576e+02  0.000000e+00   3.509421e+00  -1.977975e+00   0.000000e+00  
9.597476e+01   1.544763e+02  0.000000e+00   3.624269e+00  -1.956529e+00   0.000000e+00  
9.598317e+01   1.561922e+02  0.000000e+00   3.735990e+00  -1.935691e+00   0.000000e+00  
9.599671e+01   1.579054e+02  0.000000e+00   3.844717e+00  -1.915454e+00   0.000000e+00  
9.601522e+01   1.596162e+02  0.000000e+00   3.950572e+00  -1.895809e+00   0.000000e+00  
9.603853e+01   1.613248e+02  0.000000e+00   4.053668e+00  -1.876747e+00   0.000000e+00  
9.606649e+01   1.630311e+02  0.000000e+00   4.154108e+00  -1.858261e+00   0.000000e+00  
9.609897e+01   1.647355e+02  0.000000e+00   4.251990e+00  -1.840341e+00   0.000000e+00  
9.613581e+01   1.664380e+02  0.000000e+00   4.347402e+00  -1.822981e+00   0.000000e+00  
9.617690e+01   1.681388e+02  0.000000e+00   4.440427e+00  -1.806172e+00   0.000000e+00  
9.622211e+01   1.698379e+02  0.000000e+00   4.531142e+00  -1.789908e+00   0.000000e+00  
9.627133e+01   1.715354e+02  0.000000e+00   4.619619e+00  -1.774180e+00   0.000000e+00  
9.632444e+01   1.732314e+02  0.000000e+00   4.705926e+00  -1.758982e+00   0.000000e+00  
9.638135e+01   1.749260e+02  0.000000e+00   4.790126e+00  -1.744308e+00   0.000000e+00  
9.644196e+01   1.766193e+02  0.000000e+00   4.872279e+00  -1.730150e+00   0.000000e+00  
9.650616e+01   1.783113e+02  0.000000e+00   4.952439e+00  -1.716503e+00   0.000000e+00  
9.657389e+01   1.800022e+02  0.000000e+00   5.030659e+00  -1.703359e+00   0.000000e+00  
9.664504e+01   1.816918e+02  0.000000e+00   5.106990e+00  -1.690714e+00   0.000000e+00  
9.671955e+01   1.833804e+02  0.000000e+00   5.181477e+00  -1.678562e+00   0.000000e+00  
9.679733e+01   1.850679e+02  0.000000e+00   5.254165e+00  -1.666897e+00   0.000000e+00  
9.687832e+01   1.867544e+02  0.000000e+00   5.325095e+00  -1.655715e+00   0.000000e+00  
9.696245e+01   1.884400e+02  0.000000e+00   5.394308e+00  -1.645009e+00   0.000000e+00  
9.704964e+01   1.901246e+02  0.000000e+00   5.461840e+00  -1.634775e+00   0.000000e+00  
9.713985e+01   1.918083e+02  0.000000e+00   5.527727e+00  -1.625008e+00   0.000000e+00  
9.723302e+01   1.934912e+02  0.000000e+00   5.592003e+00  -1.615705e+00   0.000000e+00  
9.732908e+01   1.951732e+02  0.000000e+00   5.654701e+00  -1.606860e+00   0.000000e+00  
9.742798e+01   1.968545e+02  0.000000e+00   5.715851e+00  -1.598469e+00   0.000000e+00  
9.752968e+01   1.985349e+02  0.000000e+00   5.775482e+00  -1.590529e+00   0.000000e+00  
9.763412e+01   2.002147e+02  0.000000e+00   5.833622e+00  -1.583035e+00   0.000000e+00  
9.774126e+01   2.018937e+02  0.000000e+00   5.890298e+00  -1.575984e+00   0.000000e+00  
9.785105e+01   2.035720e+02  0.000000e+00   5.945534e+00  -1.569372e+00   0.000000e+00  
9.796346e+01   2.052496e+02  0.000000e+00   5.999356e+00  -1.563195e+00   0.000000e+00  
9.807843e+01   2.069265e+02  0.000000e+00   6.051787e+00  -1.557451e+00   0.000000e+00  
9.819594e+01   2.086028e+02  0.000000e+00   6.102848e+00  -1.552136e+00   0.000000e+00  
9.831595e+01   2.102785e+02  0.000000e+00   6.152562e+00  -1.547248e+00   0.000000e+00  
9.843842e+01   2.119536e+02  0.000000e+00   6.200947e+00  -1.542782e+00   0.000000e+00  
9.856331e+01   2.136280e+02  0.000000e+00   6.248025e+00  -1.538737e+00   0.000000e+00  
9.869060e+01   2.153019e+02  0.000000e+00   6.293812e+00  -1.535110e+00   0.000000e+00  
9.882026e+01   2.169753e+02  0.000000e+00   6.338329e+00  -1.531897e+00   0.000000e+00  
9.895225e+01   2.186480e+02  0.000000e+00   6.381591e+00  -1.529098e+00   0.000000e+00  
9.908654e+01   2.203202e+02  0.000000e+00   6.423615e+00  -1.526708e+00   0.000000e+00  
9.922312e+01   2.219919e+02  0.000000e+00   6.464417e+00  -1.524727e+00   0.000000e+00  
9.936195e+01   2.236631e+02  0.000000e+00   6.504012e+00  -1.523151e+00   0.000000e+00  
9.950301e+01   2.253337e+02  0.000000e+00   6.542415e+00  -1.521979e+00   0.000000e+00  
9.964627e+01   2.270038e+02  0.000000e+00   6.579640e+00  -1.521208e+00   0.000000e+00  
9.979172e+01   2.286735e+02  0.000000e+00   6.615701e+00  -1.520838e+00   0.000000e+00  
9.993932e+01   2.303426e+02  0.000000e+00   6.650610e+00  -1.520865e+00   0.000000e+00  
1.000891e+02   2.320113e+02  0.000000e+00   6.684380e+00  -1.521289e+00   0.000000e+00  
1.002409e+02   2.336795e+02  0.000000e+00   6.717023e+00  -1.522107e+00   0.000000e+00  
1.003949e+02   2.353472e+02  0.000000e+00   6.748550e+00  -1.523318e+00   0.000000e+00  
1.005509e+02   2.370144e+02  0.000000e+00   6.778974e+00  -1.524921e+00   0.000000e+00  
1.007091e+02   2.386812e+02  0.000000e+00   6.808303e+00  -1.526914e+00   0.000000e+00  
1.008692e+02   2.403476e+02  0.000000e+00   6.836550e+00  -1.529296e+00   0.000000e+00  
1.010314e+02   2.420134e+02  0.000000e+00   6.863723e+00  -1.532066e+00   0.000000e+00  
1.011956e+02   2.436789e+02  0.000000e+00   6.889832e+00  -1.535222e+00   0.000000e+00  
1.013618e+02   2.453439e+02  0.000000e+00   6.914887e+00  -1.538763e+00   0.000000e+00  
1.015300e+02   2.470085e+02  0.000000e+00   6.938896e+00  -1.542689e+00   0.000000e+00  
1.017002e+02   2.486726e+02  0.000000e+00   6.961867e+00  -1.546998e+00   0.000000e+00  
1.018723e+02   2.503363e+02  0.000000e+00   6.983810e+00  -1.551690e+00   0.000000e+00  
1.020464e+02   2.519996e+02  0.000000e+00   7.004731e+00  -1.556763e+00   0.000000e+00  
1.022224e+02   2.536625e+02  0.000000e+00   7.024638e+00  -1.562217e+00   0.000000e+00  
1.024003e+02   2.553249e+02  0.000000e+00   7.043539e+00  -1.568051e+00   0.000000e+00  
1.025802e+02   2.569869e+02  0.000000e+00   7.061441e+00  -1.574266e+00   0.000000e+00  
1.027619e+02   2.586485e+02  0.000000e+00   7.078350e+00  -1.580859e+00   0.000000e+00  
1.029456e+02   2.603097e+02  0.000000e+00   7.094272e+00  -1.587830e+00   0.000000e+00  
1.031311e+02   2.619705e+02  0.000000e+00   7.109215e+00  -1.595180e+00   0.000000e+00  
1.033185e+02   2.636308e+02  0.000000e+00   7.123183e+00  -1.602908e+00   0.000000e+00  
1.035078e+02   2.652908e+02  0.000000e+00   7.136183e+00  -1.611013e+00   0.000000e+00  
1.036990e+02   2.669503e+02  0.000000e+00   7.148220e+00  -1.619495e+00   0.000000e+00  
1.038920e+02   2.686094e+02  0.000000e+00   7.159299e+00  -1.628355e+00   0.000000e+00  
1.040868e+02   2.702681e+02  0.000000e+00   7.169425e+00  -1.637591e+00   0.000000e+00  
1.042835e+02   2.719263e+02  0.000000e+00   7.178603e+00  -1.647205e+00   0.000000e+00  
1.044820e+02   2.735842e+02  0.000000e+00   7.186838e+00  -1.657195e+00   0.000000e+00  
1.046824e+02   2.752417e+02  0.000000e+00   7.194133e+00  -1.667562e+00   0.000000e+00  
1.048846e+02   2.768987e+02  0.000000e+00   7.200494e+00  -1.678307e+00   0.000000e+00  
1.050886e+02   2.785553e+02  0.000000e+00   7.205923e+00  -1.689428e+00   0.000000e+00  
1.052944e+02   2.802115e+02  0.000000e+00   7.210425e+00  -1.700927e+00   0.000000e+00  
1.055020e+02   2.818673e+02  0.000000e+00   7.214003e+00  -1.712804e+00   0.000000e+00  
1.057115e+02   2.835226e+02  0.000000e+00   7.216660e+00  -1.725060e+00   0.000000e+00  
1.059227e+02   2.851775e+02  0.000000e+00   7.218400e+00  -1.737693e+00   0.000000e+00  
1.061358e+02   2.868320e+02  0.000000e+00   7.219226e+00  -1.750706e+00   0.000000e+00  
1.063506e+02   2.884861e+02  0.000000e+00   7.219140e+00  -1.764099e+00   0.000000e+00  
1.065673e+02   2.901397e+02  0.000000e+00   7.218145e+00  -1.777872e+00   0.000000e+00  
1.067857e+02   2.917929e+02  0.000000e+00   7.216244e+00  -1.792025e+00   0.000000e+00  
1.070059e+02   2.934457e+02  0.000000e+00   7.213439e+00  -1.806561e+00   0.000000e+00  
1.072280e+02   2.950980e+02  0.000000e+00   7.209731e+00  -1.821478e+00   0.000000e+00  
1.074518e+02   2.967499e+02  0.000000e+00   7.205123e+00  -1.836779e+00   0.000000e+00  
1.076774e+02   2.984013e+02  0.000000e+00   7.199616e+00  -1.852464e+00   0.000000e+00  
1.079048e+02   3.000522e+02  0.000000e+00   7.193213e+00  -1.868535e+00   0.000000e+00  
1.081340e+02   3.017028e+02  0.000000e+00   7.185914e+00  -1.884991e+00   0.000000e+00  
1.083650e+02   3.033528e+02  0.000000e+00   7.177721e+00  -1.901835e+00   0.000000e+00  
1.085978e+02   3.050024e+02  0.000000e+00   7.168635e+00  -1.919067e+00   0.000000e+00  
1.088324e+02   3.066515e+02  0.000000e+00   7.158657e+00  -1.936689e+00   0.000000e+00  
1.090687e+02   3.083001e+02  0.000000e+00   7.147787e+00  -1.954702e+00   0.000000e+00  
1.093069e+02   3.099482e+02  0.000000e+00   7.136026e+00  -1.973108e+00   0.000000e+00  
1.095469e+02   3.115959e+02  0.000000e+00   7.123375e+00  -1.991907e+00   0.000000e+00  
1.097886e+02   3.132430e+02  0.000000e+00   7.109834e+00  -2.011101e+00   0.000000e+00  
1.100322e+02   3.148897e+02  0.000000e+00   7.095403e+00  -2.030692e+00   0.000000e+00  
1.102776e+02   3.165358e+02  0.000000e+00   7.080082e+00  -2.050682e+00   0.000000e+00  
1.105248e+02   3.181815e+02  0.000000e+00   7.063871e+00  -2.071072e+00   0.000000e+00  
1.107737e+02   3.198266e+02  0.000000e+00   7.046770e+00  -2.091864e+00   0.000000e+00  
1.110246e+02   3.214711e+02  0.000000e+00   7.028777e+00  -2.113060e+00   0.000000e+00  
1.112772e+02   3.231152e+02  0.000000e+00   7.009893e+00  -2.134662e+00   0.000000e+00  
1.115316e+02   3.247587e+02  0.000000e+00   6.990116e+00  -2.156672e+00   0.000000e+00  
1.117879e+02   3.264016e+02  0.000000e+00   6.969446e+00  -2.179092e+00   0.000000e+00  
1.120460e+02   3.280440e+02  0.000000e+00   6.947881e+00  -2.201924e+00   0.000000e+00  
1.123060e+02   3.296858e+02  0.000000e+00   6.925420e+00  -2.225170e+00   0.000000e+00  
1.125677e+02   3.313270e+02  0.000000e+00   6.902061e+00  -2.248833e+00   0.000000e+00  
1.128314e+02   3.329676e+02  0.000000e+00   6.877804e+00  -2.272916e+00   0.000000e+00  
1.130969e+02   3.346076e+02  0.000000e+00   6.852645e+00  -2.297420e+00   0.000000e+00  
1.133642e+02   3.362470e+02  0.000000e+00   6.826583e+00  -2.322349e+00   0.000000e+00  
1.136334e+02   3.378858e+02  0.000000e+00   6.799616e+00  -2.347705e+00   0.000000e+00  
1.139045e+02   3.395239e+02  0.000000e+00   6.771742e+00  -2.373491e+00   0.000000e+00  
1.141774e+02   3.411614e+02  0.000000e+00   6.742957e+00  -2.399710e+00   0.000000e+00  
1.144523e+02   3.427983e+02  0.000000e+00   6.713259e+00  -2.426365e+00   0.000000e+00  
1.147290e+02   3.444344e+02  0.000000e+00   6.682646e+00  -2.453460e+00   0.000000e+00  
1.150076e+02   3.460699e+02  0.000000e+00   6.651113e+00  -2.480996e+00   0.000000e+00  
1.152882e+02   3.477047e+02  0.000000e+00   6.618659e+00  -2.508979e+00   0.000000e+00  
1.155706e+02   3.493387e+02  0.000000e+00   6.585278e+00  -2.537410e+00   0.000000e+00  
1.158550e+02   3.509720e+02  0.000000e+00   6.550969e+00  -2.566294e+00   0.000000e+00  
1.161412e+02   3.526046e+02  0.000000e+00   6.515725e+00  -2.595635e+00   0.000000e+00  
1.164295e+02   3.542364e+02  0.000000e+00   6.479545e+00  -2.625436e+00   0.000000e+00  
1.167196e+02   3.558675e+02  0.000000e+00   6.442422e+00  -2.655702e+00   0.000000e+00  
1.170117e+02   3.574977e+02  0.000000e+00   6.404353e+00  -2.686436e+00   0.000000e+00  
1.173058e+02   3.591272e+02  0.000000e+00   6.365333e+00  -2.717643e+00   0.000000e+00  
1.176019e+02   3.607558e+02  0.000000e+00   6.325357e+00  -2.749327e+00   0.000000e+00  
1.178999e+02   3.623836e+02  0.000000e+00   6.284419e+00  -2.781493e+00   0.000000e+00  
1.181999e+02   3.640105e+02  0.000000e+00   6.242514e+00  -2.814145e+00   0.000000e+00  
1.185019e+02   3.656365e+02  0.000000e+00   6.199636e+00  -2.847289e+00   0.000000e+00  
1.188059e+02   3.672616e+02  0.000000e+00   6.155779e+00  -2.880928e+00   0.000000e+00  
1.191119e+02   3.688857e+02  0.000000e+00   6.110938e+00  -2.915070e+00   0.000000e+00  
1.194200e+02   3.705090e+02  0.000000e+00   6.065104e+00  -2.949718e+00   0.000000e+00  
1.197301e+02   3.721312e+02  0.000000e+00   6.018272e+00  -2.984879e+00   0.000000e+00  
1.200422e+02   3.737525e+02  0.000000e+00   5.970434e+00  -3.020559e+00   0.000000e+00  
1.203563e+02   3.753727e+02  0.000000e+00   5.921583e+00  -3.056762e+00   0.000000e+00  
1.206725e+02   3.769919e+02  0.000000e+00   5.871711e+00  -3.093497e+00   0.000000e+00  
1.209908e+02   3.786100e+02  0.000000e+00   5.820809e+00  -3.130768e+00   0.000000e+00  
1.213111e+02   3.802270e+02  0.000000e+00   5.768870e+00  -3.168583e+00   0.000000e+00  
1.216336e+02   3.818429e+02  0.000000e+00   5.715884e+00  -3.206949e+00   0.000000e+00  
1.219581e+02   3.834576e+02  0.000000e+00   5.661843e+00  -3.245872e+00   0.000000e+00  
1.222847e+02   3.850712e+02  0.000000e+00   5.606736e+00  -3.285361e+00   0.000000e+00  
1.226134e+02   3.866835e+02  0.000000e+00   5.550554e+00  -3.325423e+00   0.000000e+00  
1.229442e+02   3.882946e+02  0.000000e+00   5.493287e+00  -3.366065e+00   0.000000e+00  
1.232771e+02   3.899044e+02  0.000000e+00   5.434923e+00  -3.407297e+00   0.000000e+00  
1.236122e+02   3.915129e+02  0.000000e+00   5.375450e+00  -3.449127e+00   0.000000e+00  
1.239493e+02   3.931200e+02  0.000000e+00   5.314859e+00  -3.491564e+00   0.000000e+00  
1.242886e+02   3.947258e+02  0.000000e+00   5.253135e+00  -3.534617e+00   0.000000e+00  
1.246301e+02   3.963301e+02  0.000000e+00   5.190266e+00  -3.578296e+00   0.000000e+00  
1.249736e+02   3.979330e+02  0.000000e+00   5.126240e+00  -3.622611e+00   0.000000e+00  
1.253193e+02   3.995344e+02  0.000000e+00   5.061041e+00  -3.667573e+00   0.000000e+00  
1.256672e+02   4.011343e+02  0.000000e+00   4.994656e+00  -3.713192e+00   0.000000e+00  
1.260172e+02   4.027326e+02  0.000000e+00   4.927069e+00  -3.759481e+00   0.000000e+00  
1.263693e+02   4.043293e+02  0.000000e+00   4.858264e+00  -3.806450e+00   0.000000e+00  
1.267235e+02   4.059244e+02  0.000000e+00   4.788225e+00  -3.854112e+00   0.000000e+00  
1.270799e+02   4.075177e+02  0.000000e+00   4.716935e+00  -3.902481e+00   0.000000e+00  
1.274384e+02   4.091094e+02  0.000000e+00   4.644375e+00  -3.951570e+00   0.000000e+00  
1.277990e+02   4.106992e+02  0.000000e+00   4.570527e+00  -4.001393e+00   0.000000e+00  
1.281617e+02   4.122872e+02  0.000000e+00   4.495370e+00  -4.051966e+00   0.000000e+00  
1.285265e+02   4.138734e+02  0.000000e+00   4.418885e+00  -4.103302e+00   0.000000e+00  
1.288934e+02   4.154576e+02  0.000000e+00   4.341049e+00  -4.155420e+00   0.000000e+00  
1.292624e+02   4.170399e+02  0.000000e+00   4.261839e+00  -4.208336e+00   0.000000e+00  
1.296334e+02   4.186202e+02  0.000000e+00   4.181232e+00  -4.262067e+00   0.000000e+00  
1.300065e+02   4.201984e+02  0.000000e+00   4.099203e+00  -4.316634e+00   0.000000e+00  
1.303815e+02   4.217746e+02  0.000000e+00   4.015724e+00  -4.372056e+00   0.000000e+00  
1.307586e+02   4.233486e+02  0.000000e+00   3.930770e+00  -4.428353e+00   0.000000e+00  
1.311376e+02   4.249204e+02  0.000000e+00   3.844309e+00  -4.485548e+00   0.000000e+00  
1.315186e+02   4.264900e+02  0.000000e+00   3.756312e+00  -4.543664e+00   0.000000e+00  
1.319014e+02   4.280573e+02  0.000000e+00   3.666746e+00  -4.602726e+00   0.000000e+00  
1.322862e+02   4.296223e+02  0.000000e+00   3.575577e+00  -4.662760e+00   0.000000e+00  
1.326727e+02   4.311849e+02  0.000000e+00   3.482769e+00  -4.723793e+00   0.000000e+00  
1.330611e+02   4.327452e+02  0.000000e+00   3.388283e+00  -4.785855e+00   0.000000e+00  
1.334512e+02   4.343030e+02  0.000000e+00   3.292079e+00  -4.848977e+00   0.000000e+00  
1.338430e+02   4.358583e+02  0.000000e+00   3.194114e+00  -4.913192e+00   0.000000e+00  
1.342364e+02   4.374111e+02  0.000000e+00   3.094341e+00  -4.978535e+00   0.000000e+00  
1.346315e+02   4.389614e+02  0.000000e+00   2.992713e+00  -5.045045e+00   0.000000e+00  
1.350281e+02   4.405091e+02  0.000000e+00   2.889177e+00  -5.112760e+00   0.000000e+00  
1.354262e+02   4.420542e+02  0.000000e+00   2.783679e+00  -5.181726e+00   0.000000e+00  
1.358257e+02   4.435966e+02  0.000000e+00   2.676158e+00  -5.251987e+00   0.000000e+00  
1.362266e+02   4.451365e+02  0.000000e+00   2.566551e+00  -5.323595e+00   0.000000e+00  
1.366288e+02   4.466736e+02  0.000000e+00   2.454791e+00  -5.396603e+00   0.000000e+00  
1.370322e+02   4.482081e+02  0.000000e+00   2.340803e+00  -5.471069e+00   0.000000e+00  
1.374367e+02   4.497399e+02  0.000000e+00   2.224509e+00  -5.547057e+00   0.000000e+00  
1.378424e+02   4.512691e+02  0.000000e+00   2.105824e+00  -5.624636e+00   0.000000e+00  
1.382491e+02   4.527955e+02  0.000000e+00   1.984654e+00  -5.703880e+00   0.000000e+00  
1.386567e+02   4.543193e+02  0.000000e+00   1.860898e+00  -5.784873e+00   0.000000e+00  
1.390652e+02   4.558404e+02  0.000000e+00   1.734446e+00  -5.867704e+00   0.000000e+00  
1.394745e+02   4.573589e+02  0.000000e+00   1.605179e+00  -5.952474e+00   0.000000e+00  
1.398845e+02   4.588747e+02  0.000000e+00   1.472963e+00  -6.039292e+00   0.000000e+00  
1.402952e+02   4.603879e+02  0.000000e+00   1.337653e+00  -6.128282e+00   0.000000e+00  
1.407064e+02   4.618986e+02  0.000000e+00   1.199087e+00  -6.219581e+00   0.000000e+00  
1.411181e+02   4.634067e+02  0.000000e+00   1.057083e+00  -6.313344e+00   0.000000e+00  
1.415303e+02   4.649124e+02  0.000000e+00   9.114417e-01  -6.409746e+00   0.000000e+00  
1.419428e+02   4.664156e+02  0.000000e+00   7.619343e-01  -6.508987e+00   0.000000e+00  
1.423556e+02   4.679164e+02  0.000000e+00   6.083034e-01  -6.611294e+00   0.000000e+00  
1.427686e+02   4.694148e+02  0.000000e+00   4.502546e-01  -6.716934e+00   0.000000e+00  
1.431818e+02   4.709110e+02  0.000000e+00   2.874486e-01  -6.826217e+00   0.000000e+00  
1.435951e+02   4.724050e+02  0.000000e+00   1.194910e-01  -6.939507e+00   0.000000e+00  
1.440084e+02   4.738968e+02  0.000000e+00   -5.408229e-02  -7.057245e+00   0.000000e+00  
1.444217e+02   4.753865e+02  0.000000e+00   -2.338236e-01  -7.179963e+00   0.000000e+00  
1.448349e+02   4.768742e+02  0.000000e+00   -4.204010e-01  -7.308319e+00   0.000000e+00  
1.452481e+02   4.783600e+02  0.000000e+00   -6.146363e-01  -7.443144e+00   0.000000e+00  
1.456611e+02   4.798440e+02  0.000000e+00   -8.175625e-01  -7.585512e+00   0.000000e+00  
1.460739e+02   4.813261e+02  0.000000e+00   -1.030513e+00  -7.736858e+00   0.000000e+00  
1.464864e+02   4.828066e+02  0.000000e+00   -1.255266e+00  -7.899174e+00   0.000000e+00  
1.468988e+02   4.842855e+02  0.000000e+00   -1.494300e+00  -8.075374e+00   0.000000e+00  
1.473108e+02   4.857629e+02  0.000000e+00   -1.751277e+00  -8.270045e+00   0.000000e+00  
1.477226e+02   4.872389e+02  0.000000e+00   -2.032089e+00  -8.491230e+00   0.000000e+00  
1.481340e+02   4.887135e+02  0.000000e+00   -2.347569e+00  -8.755819e+00   0.000000e+00  
1.485451e+02   4.901870e+02  0.000000e+00   -2.723015e+00  -9.115916e+00   0.000000e+00  
1.489559e+02   4.916593e+02  0.000000e+00   -2.695101e+00  -9.811395e+00   0.000000e+00  
1.493664e+02   4.931307e+02  0.000000e+00   -2.113224e+00  -9.799541e+00   0.000000e+00  
1.497767e+02   4.946010e+02  0.000000e+00   -1.710081e+00  -9.744259e+00   0.000000e+00  
1.501868e+02   4.960703e+02  0.000000e+00   -1.377162e+00  -9.685364e+00   0.000000e+00  
1.505968e+02   4.975386e+02  0.000000e+00   -1.086031e+00  -9.627349e+00   0.000000e+00  
1.510066e+02   4.990058e+02  0.000000e+00   -8.238766e-01  -9.571244e+00   0.000000e+00  
1.514163e+02   5.004718e+02  0.000000e+00   -5.835497e-01  -9.517279e+00   0.000000e+00  
1.518260e+02   5.019367e+02  0.000000e+00   -3.605520e-01  -9.465444e+00   0.000000e+00  
1.522357e+02   5.034005e+02  0.000000e+00   -1.518209e-01  -9.415650e+00   0.000000e+00  
1.526453e+02   5.048631e+02  0.000000e+00   4.484698e-02  -9.367786e+00   0.000000e+00  
1.530549e+02   5.063245e+02  0.000000e+00   2.311044e-01  -9.321739e+00   0.000000e+00  
1.534646e+02   5.077847e+02  0.000000e+00   4.082312e-01  -9.277400e+00   0.000000e+00  
1.538743e+02   5.092437e+02  0.000000e+00   5.772444e-01  -9.234672e+00   0.000000e+00  
1.542841e+02   5.107016e+02  0.000000e+00   7.389688e-01  -9.193464e+00   0.000000e+00  
1.546939e+02   5.121582e+02  0.000000e+00   8.940860e-01  -9.153694e+00   0.000000e+00  
1.551040e+02   5.136136e+02  0.000000e+00   1.043167e+00  -9.115290e+00   0.000000e+00  
1.555141e+02   5.150678e+02  0.000000e+00   1.186695e+00  -9.078183e+00   0.000000e+00  
1.559244e+02   5.165207e+02  0.000000e+00   1.325087e+00  -9.042314e+00   0.000000e+00  
1.563349e+02   5.179725e+02  0.000000e+00   1.458703e+00  -9.007628e+00   0.000000e+00  
1.567456e+02   5.194230e+02  0.000000e+00   1.587856e+00  -8.974074e+00   0.000000e+00  
1.571565e+02   5.208723e+02  0.000000e+00   1.712824e+00  -8.941607e+00   0.000000e+00  
1.575677e+02   5.223203e+02  0.000000e+00   1.833853e+00  -8.910184e+00   0.000000e+00  
1.579791e+02   5.237672e+02  0.000000e+00   1.951160e+00  -8.879767e+00   0.000000e+00  
1.583908e+02   5.252128e+02  0.000000e+00   2.064942e+00  -8.850321e+00   0.000000e+00  
1.588027e+02   5.266572e+02  0.000000e+00   2.175374e+00  -8.821813e+00   0.000000e+00  
1.592150e+02   5.281004e+02  0.000000e+00   2.282618e+00  -8.794212e+00   0.000000e+00  
1.596276e+02   5.295424e+02  0.000000e+00   2.386818e+00  -8.767489e+00   0.000000e+00  
1.600405e+02   5.309831e+02  0.000000e+00   2.488105e+00  -8.741620e+00   0.000000e+00  
1.604538e+02   5.324227e+02  0.000000e+00   2.586603e+00  -8.716578e+00   0.000000e+00  
1.608674e+02   5.338611e+02  0.000000e+00   2.682421e+00  -8.692342e+00   0.000000e+00  
1.612814e+02   5.352983e+02  0.000000e+00   2.775662e+00  -8.668889e+00   0.000000e+00  
1.616958e+02   5.367343e+02  0.000000e+00   2.866420e+00  -8.646201e+00   0.000000e+00  
1.621106e+02   5.381691e+02  0.000000e+00   2.954784e+00  -8.624257e+00   0.000000e+00  
1.625258e+02   5.396027e+02  0.000000e+00   3.040834e+00  -8.603040e+00   0.000000e+00  
1.629414e+02   5.410352e+02  0.000000e+00   3.124646e+00  -8.582534e+00   0.000000e+00  
1.633574e+02   5.424665e+02  0.000000e+00   3.206291e+00  -8.562723e+00   0.000000e+00  
1.637739e+02   5.438967e+02  0.000000e+00   3.285834e+00  -8.543591e+00   0.000000e+00  
1.641908e+02   5.453257e+02  0.000000e+00   3.363337e+00  -8.525126e+00   0.000000e+00  
1.646082e+02   5.467536e+02  0.000000e+00   3.438857e+00  -8.507313e+00   0.000000e+00  
1.650260e+02   5.481803e+02  0.000000e+00   3.512450e+00  -8.490141e+00   0.000000e+00  
1.654443e+02   5.496059e+02  0.000000e+00   3.584165e+00  -8.473597e+00   0.000000e+00  
1.658631e+02   5.510304e+02  0.000000e+00   3.654051e+00  -8.457669e+00   0.000000e+00  
1.662823e+02   5.524538e+02  0.000000e+00   3.722153e+00  -8.442348e+00   0.000000e+00  
1.667021e+02   5.538760e+02  0.000000e+00   3.788515e+00  -8.427623e+00   0.000000e+00  
1.671224e+02   5.552972e+02  0.000000e+00   3.853175e+00  -8.413483e+00   0.000000e+00  
1.675431e+02   5.567173e+02  0.000000e+00   3.916173e+00  -8.399921e+00   0.000000e+00  
1.679644e+02   5.581363e+02  0.000000e+00   3.977545e+00  -8.386927e+00   0.000000e+00  
1.683862e+02   5.595542e+02  0.000000e+00   4.037325e+00  -8.374493e+00   0.000000e+00  
1.688085e+02   5.609710e+02  0.000000e+00   4.095546e+00  -8.362611e+00   0.000000e+00  
1.692314e+02   5.623868e+02  0.000000e+00   4.152239e+00  -8.351272e+00   0.000000e+00  
1.696548e+02   5.638015e+02  0.000000e+00   4.207433e+00  -8.340470e+00   0.000000e+00  
1.700787e+02   5.652151e+02  0.000000e+00   4.261157e+00  -8.330199e+00   0.000000e+00  
1.705031e+02   5.666277e+02  0.000000e+00   4.313437e+00  -8.320450e+00   0.000000e+00  
1.709281e+02   5.680393e+02  0.000000e+00   4.364299e+00  -8.311218e+00   0.000000e+00  
1.713537e+02   5.694498e+02  0.000000e+00   4.413767e+00  -8.302496e+00   0.000000e+00  
1.717798e+02   5.708593e+02  0.000000e+00   4.461864e+00  -8.294280e+00   0.000000e+00  
1.722064e+02   5.722678e+02  0.000000e+00   4.508614e+00  -8.286562e+00   0.000000e+00  
1.726337e+02   5.736753e+02  0.000000e+00   4.554036e+00  -8.279339e+00   0.000000e+00  
1.730614e+02   5.750817e+02  0.000000e+00   4.598151e+00  -8.272604e+00   0.000000e+00  
1.734898e+02   5.764872e+02  0.000000e+00   4.640979e+00  -8.266353e+00   0.000000e+00  
1.739187e+02   5.778916e+02  0.000000e+00   4.682539e+00  -8.260581e+00   0.000000e+00  
1.743482e+02   5.792951e+02  0.000000e+00   4.722847e+00  -8.255283e+00   0.000000e+00  
1.747782e+02   5.806976e+02  0.000000e+00   4.761922e+00  -8.250456e+00   0.000000e+00  
1.752088e+02   5.820991e+02  0.000000e+00   4.799779e+00  -8.246095e+00   0.000000e+00  
1.756400e+02   5.834996e+02  0.000000e+00   4.836435e+00  -8.242197e+00   0.000000e+00  
1.760718e+02   5.848991e+02  0.000000e+00   4.871905e+00  -8.238756e+00   0.000000e+00  
1.765041e+02   5.862977e+02  0.000000e+00   4.906202e+00  -8.235771e+00   0.000000e+00  
1.769371e+02   5.876953e+02  0.000000e+00   4.939341e+00  -8.233236e+00   0.000000e+00  
1.773706e+02   5.890920e+02  0.000000e+00   4.971335e+00  -8.231150e+00   0.000000e+00  
1.778046e+02   5.904877e+02  0.000000e+00   5.002197e+00  -8.229508e+00   0.000000e+00  
1.782393e+02   5.918824e+02  0.000000e+00   5.031940e+00  -8.228308e+00   0.000000e+00  
1.786746e+02   5.932763e+02  0.000000e+00   5.060574e+00  -8.227547e+00   0.000000e+00  
1.791104e+02   5.946691e+02  0.000000e+00   5.088112e+00  -8.227222e+00   0.000000e+00  
1.795468e+02   5.960611e+02  0.000000e+00   5.114565e+00  -8.227330e+00   0.000000e+00  
1.799838e+02   5.974521e+02  0.000000e+00   5.139942e+00  -8.227869e+00   0.000000e+00  
1.804214e+02   5.988422e+02  0.000000e+00   5.164254e+00  -8.228837e+00   0.000000e+00  
1.808596e+02   6.002314e+02  0.000000e+00   5.187511e+00  -8.230230e+00   0.000000e+00  
1.812983e+02   6.016196e+02  0.000000e+00   5.209722e+00  -8.232048e+00   0.000000e+00  
1.817376e+02   6.030069e+02  0.000000e+00   5.230896e+00  -8.234287e+00   0.000000e+00  
1.821776e+02   6.043934e+02  0.000000e+00   5.251041e+00  -8.236946e+00   0.000000e+00  
1.826181e+02   6.057789e+02  0.000000e+00   5.270166e+00  -8.240022e+00   0.000000e+00  
1.830592e+02   6.071635e+02  0.000000e+00   5.288278e+00  -8.243515e+00   0.000000e+00  
1.835008e+02   6.085472e+02  0.000000e+00   5.305386e+00  -8.247423e+00   0.000000e+00  
1.839431e+02   6.099300e+02  0.000000e+00   5.321496e+00  -8.251743e+00   0.000000e+00  
1.843860e+02   6.113119e+02  0.000000e+00   5.336616e+00  -8.256474e+00   0.000000e+00  
1.848294e+02   6.126929e+02  0.000000e+00   5.350753e+00  -8.261615e+00   0.000000e+00  
1.852734e+02   6.140731e+02  0.000000e+00   5.363911e+00  -8.267165e+00   0.000000e+00  
1.857180e+02   6.154523e+02  0.000000e+00   5.376099e+00  -8.273122e+00   0.000000e+00  
1.861632e+02   6.168306e+02  0.000000e+00   5.387322e+00  -8.279485e+00   0.000000e+00  
1.866089e+02   6.182081e+02  0.000000e+00   5.397585e+00  -8.286254e+00   0.000000e+00  
1.870553e+02   6.195847e+02  0.000000e+00   5.406894e+00  -8.293426e+00   0.000000e+00  
1.875022e+02   6.209604e+02  0.000000e+00   5.415254e+00  -8.301002e+00   0.000000e+00  
1.879497e+02   6.223353e+02  0.000000e+00   5.422670e+00  -8.308979e+00   0.000000e+00  
1.883977e+02   6.237092e+02  0.000000e+00   5.429147e+00  -8.317359e+00   0.000000e+00  
1.888464e+02   6.250823e+02  0.000000e+00   5.434689e+00  -8.326139e+00   0.000000e+00  
1.892956e+02   6.264545e+02  0.000000e+00   5.439300e+00  -8.335320e+00   0.000000e+00  
1.897454e+02   6.278259e+02  0.000000e+00   5.442985e+00  -8.344900e+00   0.000000e+00  
1.901957e+02   6.291964e+02  0.000000e+00   5.445747e+00  -8.354879e+00   0.000000e+00  
1.906467e+02   6.305660e+02  0.000000e+00   5.447590e+00  -8.365258e+00   0.000000e+00  
1.910982e+02   6.319347e+02  0.000000e+00   5.448518e+00  -8.376035e+00   0.000000e+00  
1.915502e+02   6.333026e+02  0.000000e+00   5.448533e+00  -8.387210e+00   0.000000e+00  
1.920029e+02   6.346697e+02  0.000000e+00   5.447639e+00  -8.398784e+00   0.000000e+00  
1.924561e+02   6.360358e+02  0.000000e+00   5.445838e+00  -8.410755e+00   0.000000e+00  
1.929098e+02   6.374011e+02  0.000000e+00   5.443133e+00  -8.423125e+00   0.000000e+00  
1.933641e+02   6.387656e+02  0.000000e+00   5.439527e+00  -8.435893e+00   0.000000e+00  
1.938190e+02   6.401292e+02  0.000000e+00   5.435022e+00  -8.449059e+00   0.000000e+00  
1.942744e+02   6.414919e+02  0.000000e+00   5.429620e+00  -8.462624e+00   0.000000e+00  
1.947304e+02   6.428538e+02  0.000000e+00   5.423323e+00  -8.476587e+00   0.000000e+00  
1.951870e+02   6.442148e+02  0.000000e+00   5.416133e+00  -8.490949e+00   0.000000e+00  
1.956441e+02   6.455750e+02  0.000000e+00   5.408051e+00  -8.505711e+00   0.000000e+00  
